HDR Greenland Mass
HDR
HDR Data from the GRACE and GRACE-FO JPL RL06.3Mv4 Mascon Solution
HDR
HDR This file contains values that are anomalies relative to April 2002 computed at the Jet Propulsion Laboratory under the
HDR auspices of the NASA MEaSUREs program. The Greenland mass anomalies are generated using GRACE and GRACE-FO data from the JPL RL06.3Mv4
HDR Mascon Solution (https://podaac.jpl.nasa.gov/dataset/TELLUS_GRACE_MASCON_CRI_GRID_RL06.3_V4).
HDR
HDR Greenland Mass Trend (04/2002 - 04/2026): -261.13 +/-21.00 Gt/yr 
HDR
HDR If you use these data please cite:
HDR Wiese, D. N., D.-N. Yuan, C. Boening, F. W. Landerer, and M. M. Watkins (2022) JPL GRACE and GRACE-FO Mascon Ocean, Ice, and Hydrology Equivalent
HDR Water Height RL06.3M CRI Filtered Version 4.0, Ver. 4.0, PO.DAAC, CA, USA. Dataset accessed [YYYY-MM-DD] at http://dx.doi.org/10.5067/TEMSC-3JC634.
HDR
HDR For information on how the data were generated please refer to:
HDR Watkins, M. M., D. N. Wiese, D. -N. Yuan, C. Boening, and F. W. Landerer (2015), Improved methods for observing Earth's time variable
HDR mass distribution with GRACE using spherical cap mascons, J. Geophys. Res. Solid Earth, 120, 2648_2671, doi: 10.1002/2014JB011547.
HDR
HDR column description
HDR 1 TIME (year.decimal)
HDR 2 Greenland mass (Gigatonnes)
HDR 3 Greenland mass 1-sigma uncertainty (Gigatonnes)
HDR
HDR NOTES (1): Correction for Glacial Isostatic Adjustment (GIA) is from ICE6G-D, Peltier. et al. (2018), doi:10.1093/gji/ggs030
HDR NOTES (2): Trend value is derived by performing a weighted least squares fit of an annual, semiannual, bias, and trend to the timeseries
HDR NOTES (3): Monthly uncertainties are computed using measurement errors provided in the JPL RL06.3Mv4 Solution and considering
HDR            leakage errors in accordance with Wiese et al. (2016), doi:10.1002/2016WR019344 and Schlegel et al. (2016), doi:10.5194/tc-10-1965-2016
HDR NOTES (4): The trend uncertainty provides a 1-sigma confidence interval. The calculation considers only the propagation of the monthly uncertainties
HDR            into the trend, assumes uncorrelated observations, and includes GIA uncertainty according to Velicogna et al. (2013), doi:10.1002/grl.50527
HDR
HDR Header_End---------------------------------------
2002.29       0.00     134.71
2002.35      62.14      70.85
2002.62    -216.18      53.55
2002.71    -234.38      65.24
2002.79    -203.72      39.23
2002.87    -204.75      35.96
2002.96    -183.95      36.90
2003.04    -137.21      41.64
2003.12    -147.91      29.91
2003.20     -80.82      26.07
2003.29     -36.35      25.91
2003.36     -33.81      28.36
2003.54    -207.14      21.35
2003.62    -343.54      22.11
2003.71    -386.89      22.42
2003.79    -381.68      22.85
2003.87    -383.86      22.59
2003.96    -347.15      22.43
2004.02    -368.31      26.06
2004.13    -373.90      22.62
2004.21    -353.60      21.16
2004.29    -296.06      21.20
2004.37    -315.06      21.45
2004.46    -330.58      21.32
2004.54    -428.32      19.19
2004.62    -550.18      19.97
2004.71    -591.40      20.94
2004.79    -608.21      18.90
2004.87    -568.90      20.65
2004.96    -544.20      20.66
2005.04    -556.45      19.66
2005.12    -534.92      20.57
2005.20    -488.86      20.63
2005.29    -483.76      20.45
2005.37    -448.09      20.67
2005.46    -491.86      21.02
2005.54    -618.75      20.20
2005.62    -804.97      19.98
2005.71    -871.20      19.83
2005.79    -864.11      19.61
2005.87    -863.08      19.10
2005.96    -813.20      23.66
2006.04    -833.85      20.52
2006.12    -784.55      20.65
2006.20    -764.57      20.37
2006.29    -793.67      20.77
2006.37    -784.01      20.53
2006.45    -794.59      22.31
2006.54    -877.54      22.17
2006.62   -1004.77      20.64
2006.71   -1063.83      21.89
2006.79   -1051.07      21.51
2006.87   -1079.64      20.97
2006.96   -1090.83      21.52
2007.04   -1057.86      22.20
2007.12   -1012.28      21.60
2007.20   -1022.08      20.92
2007.29   -1011.31      21.45
2007.37   -1000.56      21.08
2007.45   -1018.43      21.34
2007.54   -1147.27      21.13
2007.62   -1342.59      22.65
2007.71   -1404.78      22.21
2007.79   -1429.02      22.93
2007.87   -1407.50      23.76
2007.96   -1348.08      22.52
2008.04   -1308.11      22.61
2008.12   -1326.18      24.23
2008.21   -1276.71      22.61
2008.29   -1297.52      24.49
2008.37   -1311.21      23.37
2008.46   -1313.62      22.35
2008.54   -1460.02      23.18
2008.62   -1620.24      22.62
2008.71   -1683.84      22.45
2008.79   -1670.63      22.30
2008.87   -1600.83      23.83
2008.96   -1528.95      23.20
2009.04   -1507.67      23.07
2009.12   -1552.20      23.57
2009.20   -1552.84      23.06
2009.29   -1536.64      21.10
2009.37   -1519.88      20.91
2009.46   -1525.94      20.57
2009.54   -1635.05      22.02
2009.62   -1842.74      20.97
2009.71   -1896.70      20.09
2009.79   -1868.24      20.70
2009.87   -1849.06      20.60
2009.96   -1824.82      20.35
2010.04   -1823.83      20.08
2010.12   -1799.43      19.91
2010.20   -1789.88      21.09
2010.29   -1817.64      19.20
2010.37   -1789.64      19.51
2010.45   -1895.63      23.57
2010.54   -2067.85      20.44
2010.62   -2257.95      19.58
2010.71   -2354.15      20.34
2010.79   -2320.80      21.89
2010.87   -2341.01      23.03
2010.95   -2323.13      23.60
2011.13   -2299.75      26.61
2011.20   -2286.20      24.62
2011.29   -2285.40      23.78
2011.37   -2303.59      23.03
2011.54   -2492.00      24.39
2011.62   -2686.04      22.86
2011.71   -2744.00      21.74
2011.79   -2763.69      20.88
2011.83   -2763.13      21.33
2012.00   -2705.02      20.53
2012.04   -2712.36      19.57
2012.12   -2692.09      21.01
2012.21   -2647.67      19.29
2012.26   -2637.99      23.20
2012.46   -2669.48      21.24
2012.54   -2900.13      20.20
2012.62   -3207.17      20.12
2012.70   -3307.29      22.48
2012.88   -3247.79      23.04
2012.96   -3228.19      20.98
2013.04   -3226.17      20.49
2013.12   -3215.50      22.19
2013.30   -3219.62      22.91
2013.37   -3186.90      20.32
2013.46   -3164.48      20.87
2013.54   -3270.61      20.32
2013.79   -3341.42      20.23
2013.87   -3341.49      19.61
2013.96   -3328.15      19.27
2014.02   -3313.06      23.07
2014.20   -3263.39      17.16
2014.29   -3253.15      17.55
2014.37   -3250.28      17.85
2014.45   -3286.12      19.38
2014.62   -3564.67      18.17
2014.71   -3599.90      17.57
2014.79   -3584.40      16.74
2014.88   -3580.93      16.80
2015.06   -3495.22      19.66
2015.12   -3503.16      33.73
2015.20   -3457.89      15.13
2015.29   -3449.28      15.92
2015.32   -3448.60      17.03
2015.53   -3629.75      18.12
2015.62   -3763.57      17.56
2015.70   -3803.49      19.36
2015.98   -3741.08      20.12
2016.04   -3686.55      18.53
2016.12   -3708.46      17.43
2016.21   -3707.96      17.57
2016.38   -3683.35      18.82
2016.46   -3678.92      17.84
2016.54   -3847.19      18.57
2016.64   -4094.45      21.35
2016.91   -3970.67      41.53
2016.98   -4037.45      41.37
2017.06   -3988.31      41.37
2017.25   -3978.27      41.19
2017.31   -3949.17      40.51
2017.36   -3944.05      39.68
2017.44   -3969.37      39.25
2018.45   -4008.63      30.38
2018.52   -4043.48      28.68
2018.83   -4232.11      27.89
2018.87   -4196.11      24.83
2018.96   -4164.70      23.82
2019.04   -4165.62      23.40
2019.12   -4195.29      23.83
2019.20   -4208.49      23.28
2019.29   -4199.55      23.02
2019.37   -4159.49      23.13
2019.45   -4231.41      23.24
2019.54   -4417.16      22.99
2019.62   -4670.22      23.14
2019.71   -4781.93      23.30
2019.79   -4773.10      22.90
2019.87   -4708.71      23.02
2019.96   -4705.94      23.19
2020.04   -4758.34      23.43
2020.12   -4753.93      23.56
2020.21   -4757.97      23.23
2020.29   -4731.19      23.05
2020.37   -4708.25      22.98
2020.46   -4743.24      23.24
2020.54   -4869.70      22.99
2020.62   -4970.26      22.97
2020.71   -4992.52      23.25
2020.79   -4933.92      23.07
2020.87   -4923.34      23.23
2020.96   -4924.81      23.25
2021.04   -4894.52      23.01
2021.12   -4908.53      23.08
2021.20   -4897.05      23.14
2021.29   -4868.86      22.99
2021.37   -4922.26      22.82
2021.46   -4903.89      23.12
2021.54   -4935.89      22.99
2021.62   -5091.49      22.82
2021.71   -5142.65      23.10
2021.79   -5177.92      23.02
2021.87   -5174.83      22.99
2021.96   -5131.61      23.09
2022.04   -5099.10      23.15
2022.12   -5088.76      23.22
2022.20   -5058.39      23.25
2022.29   -5079.17      23.36
2022.37   -5076.93      23.06
2022.45   -5054.63      23.17
2022.54   -5158.67      23.37
2022.62   -5276.45      23.41
2022.71   -5320.91      23.49
2022.79   -5307.70      23.58
2022.87   -5227.61      23.45
2022.96   -5177.25      23.58
2023.04   -5263.94      23.62
2023.12   -5280.86      23.56
2023.20   -5219.48      23.26
2023.29   -5243.14      23.27
2023.37   -5228.18      23.17
2023.45   -5192.88      23.30
2023.54   -5264.70      23.42
2023.62   -5473.93      23.24
2023.71   -5531.55      23.26
2023.79   -5509.20      23.38
2023.87   -5491.42      23.41
2023.96   -5492.91      23.28
2024.04   -5480.10      23.50
2024.12   -5430.99      23.32
2024.21   -5410.99      23.13
2024.29   -5438.56      23.29
2024.37   -5448.91      23.30
2024.46   -5407.28      23.16
2024.54   -5499.27      23.27
2024.62   -5596.28      23.33
2024.71   -5592.00      23.20
2024.79   -5609.34      23.45
2024.87   -5600.59      23.31
2024.96   -5602.92      23.09
2025.04   -5602.86      23.11
2025.12   -5551.10      23.29
2025.20   -5530.51      22.97
2025.29   -5521.70      23.03
2025.37   -5502.03      24.55
2025.46   -5507.19      26.16
2025.54   -5578.19      27.55
2025.62   -5714.76      29.19
2025.71   -5776.21      30.76
2025.79   -5773.74      32.64
2025.87   -5724.71      34.51
2025.96   -5719.10      35.75
2026.04   -5718.48      46.34
2026.12   -5713.86      58.28
2026.20   -5747.59      69.65
2026.29   -5695.84      82.61
