year,member,tas_global,tas_gis_south,tas_gis_all,tas_gis_central,tas_gis_north,scenario
1850,r1i1p1f1,286.6752951616191,254.61701530887152,249.5073196665365,246.7978711560333,247.46961940876923,historical
1851,r1i1p1f1,286.64354147508976,256.06853378458857,250.765116622035,248.34297508432937,248.08753394701597,historical
1852,r1i1p1f1,286.69452220697144,255.96958767315078,250.3913224055001,247.7341657740546,247.73291474591517,historical
1853,r1i1p1f1,286.740751538432,257.2328058377683,251.72699051629513,249.3309946459891,248.77616105901754,historical
1854,r1i1p1f1,286.659252580769,256.6820469816993,251.38731066195186,248.80453339356788,248.95155152345032,historical
1855,r1i1p1f1,286.72787962678586,257.26669042084325,251.42334181614322,248.87144907510293,248.30461028132802,historical
1856,r1i1p1f1,286.7410787633371,255.17507494638488,250.08543071209772,247.55051120229845,247.8193012235168,historical
1857,r1i1p1f1,286.7399716483546,254.23405814575676,249.76323930830347,247.59209813895063,247.69247680813325,historical
1858,r1i1p1f1,286.70195549064005,256.1029242883906,250.77041827355475,248.38172620450723,248.01073306187476,historical
1859,r1i1p1f1,286.7921431740529,257.53597522500195,251.87457230568026,249.56437287947116,248.61892160574547,historical
1860,r1i1p1f1,286.72454993113,256.6535615715424,250.7779839010914,248.4003059330343,247.37043758607058,historical
1861,r1i1p1f1,286.68789181618536,255.81886666163393,250.17348976967412,247.4835527853205,247.48427085166566,historical
1862,r1i1p1f1,286.6122303416021,255.918797910749,250.3217314499105,247.6958353715918,247.59635058452082,historical
1863,r1i1p1f1,286.6013627772407,256.50193775320287,250.91683490167028,248.24830910037934,248.2668706923266,historical
1864,r1i1p1f1,286.69644101122805,256.1203479422719,250.90583850618935,248.53438194151073,248.2586033060097,historical
1865,r1i1p1f1,286.53226012696985,257.52872663202686,252.01959917935594,249.48867951847572,249.25954681611074,historical
1866,r1i1p1f1,286.7146576684522,254.73147842715505,249.45451920887209,246.95574349922774,246.91827264929097,historical
1867,r1i1p1f1,286.66439719705943,255.15060734682214,250.3961214476356,247.9280713751347,248.42355492450648,historical
1868,r1i1p1f1,286.7309388924326,255.45284178426252,250.97701430875185,248.69594486377605,249.05899793146685,historical
1869,r1i1p1f1,286.7205850875537,256.4446636319905,251.5440349892928,249.13265067814686,249.3196600509268,historical
1870,r1i1p1f1,286.6472335612606,256.799991008029,251.51040158757726,249.02186248445622,248.94469065351765,historical
1871,r1i1p1f1,286.695574740634,256.2469772285747,250.51000777043333,247.6604420961619,247.9444714524754,historical
1872,r1i1p1f1,286.5982441130951,254.94451271852725,249.43213159185265,246.4968955950552,247.25153079502493,historical
1873,r1i1p1f1,286.68366127734356,254.9509296242976,249.79284852900207,247.43338590168128,247.19397743961014,historical
1874,r1i1p1f1,286.8765620668226,253.69049865316265,248.98835930056893,246.0159601371914,247.8042464757826,historical
1875,r1i1p1f1,286.8447158075112,258.12648321418175,252.01101161099857,249.37901138477213,248.69116764801902,historical
1876,r1i1p1f1,286.5868830515849,254.58529689362945,249.1086731000269,246.43174093581823,246.59707248148715,historical
1877,r1i1p1f1,286.6914650507332,256.1092980471871,250.90464541953745,248.4804686547325,248.3449309911081,historical
1878,r1i1p1f1,286.79668669592775,254.56354333416283,249.23558558609875,246.39323808585124,247.135604120978,historical
1879,r1i1p1f1,286.8161916467953,255.65643110951075,250.39365545806928,247.88412908040092,247.88942247316527,historical
1880,r1i1p1f1,286.89972278850996,255.94408579722585,251.01304627357135,248.48831350992018,248.9167905493055,historical
1881,r1i1p1f1,286.9123912111379,255.75285339623977,250.07458376653221,247.27240626222078,247.50899769940017,historical
1882,r1i1p1f1,286.91523113239316,255.87214468205335,250.6353485346707,247.9801070568165,248.37154611720175,historical
1883,r1i1p1f1,286.76698880343577,254.6350494581813,249.5411638811628,247.04167630871098,247.218987156193,historical
1884,r1i1p1f1,286.4602650723246,254.56737264496857,249.37679201589796,246.69366764473347,247.20699250689876,historical
1885,r1i1p1f1,286.62555676852304,256.26659937799275,250.532631014494,247.92941091094295,247.61522654678618,historical
1886,r1i1p1f1,286.5601175415961,256.9099772630042,251.13521486392463,248.3103595271976,248.49005350031737,historical
1887,r1i1p1f1,286.6645492561068,255.41572469728752,250.0059940636149,247.3801261798723,247.49857538827155,historical
1888,r1i1p1f1,286.82393491671274,256.16102315448836,250.54361988158303,247.66486136292139,248.15933434749888,historical
1889,r1i1p1f1,286.90016956813133,255.93118738087298,250.84946256799125,248.33153176675543,248.56804221921314,historical
1890,r1i1p1f1,286.7845831944891,255.6483521838845,250.52589485073085,248.2234912780584,247.886169846629,historical
1891,r1i1p1f1,286.66932044656505,256.16930775718896,251.23502643449322,248.80340285610626,249.00068556518772,historical
1892,r1i1p1f1,286.76031980101385,255.58132359816105,250.5334364859946,247.98627265979016,248.33356257231645,historical
1893,r1i1p1f1,286.84118712141543,255.72229847718356,250.4291042529437,247.77967601553897,248.09128557994518,historical
1894,r1i1p1f1,286.6207473450939,256.20017118528733,250.53477337226053,247.99308317745374,247.6084058606593,historical
1895,r1i1p1f1,286.62554213164384,256.55545310950714,251.17390226981385,248.75246472756572,248.40437983463505,historical
1896,r1i1p1f1,286.6977430421961,255.53679173419266,249.93574517957504,247.29272296033025,247.23043762340507,historical
1897,r1i1p1f1,286.7665305249939,253.58423704564063,248.78175431497354,246.42676885660285,246.59023490101035,historical
1898,r1i1p1f1,286.7038825402365,254.78956785580328,249.63345474857124,247.0894076371621,247.30314220215053,historical
1899,r1i1p1f1,286.7269406185766,255.78780155568217,250.66603045635748,248.2501172783001,248.19084487293557,historical
1900,r1i1p1f1,286.76976525014845,255.13287681289614,250.01632073391423,247.23180129499244,248.07892893989782,historical
1901,r1i1p1f1,286.6961479599134,255.18294335606967,250.1015595987431,247.5027968229643,247.9371385700014,historical
1902,r1i1p1f1,286.7425178921798,255.64179418762018,250.7288324157829,248.2329406656406,248.6120098004523,historical
1903,r1i1p1f1,286.68848573074496,255.72292182928723,250.09760281343665,247.105856890087,247.86709328290885,historical
1904,r1i1p1f1,286.54015411137146,255.063673244202,249.9155950453202,247.1130884109993,247.96746797696937,historical
1905,r1i1p1f1,286.6016377924802,255.224735406436,249.67384719724137,246.8852611262194,247.23688896663052,historical
1906,r1i1p1f1,286.5276800274831,255.83853546749629,250.79231025519317,248.42713986396646,248.3318395646061,historical
1907,r1i1p1f1,286.7039668011847,257.003271158736,251.60038725932853,249.03430076219908,249.0146997757796,historical
1908,r1i1p1f1,286.6601346928627,255.5980516524311,250.0128318492832,247.42252083839955,247.24990447276144,historical
1909,r1i1p1f1,286.59013959242407,254.43393133058626,249.2775690696613,246.7010589742468,246.9937953650719,historical
1910,r1i1p1f1,286.6695256712201,254.64599896662622,249.47137979756525,247.0345076907734,246.96492872409883,historical
1911,r1i1p1f1,286.73752823296877,255.3571452814248,249.87892277080743,247.00479843448994,247.64991706779162,historical
1912,r1i1p1f1,286.6431641080359,254.93177726718048,250.15914024589895,247.71505610161626,248.13087971015506,historical
1913,r1i1p1f1,286.6635099208326,253.68267189711113,248.4927922673866,245.67594521186922,246.51670730579835,historical
1914,r1i1p1f1,286.7699681922904,254.69293734089064,249.69571813905205,247.13174062170458,247.57906074574618,historical
1915,r1i1p1f1,286.6793136668894,255.69919796291842,250.68209715359083,248.39319743115325,248.14549593604812,historical
1916,r1i1p1f1,286.7588627975603,254.84078940429657,250.03175445158274,247.41931126444663,248.2040003429441,historical
1917,r1i1p1f1,286.76186594653797,255.92746615886892,250.19007329968724,247.5533593646132,247.31699955263946,historical
1918,r1i1p1f1,286.7315942080725,255.90515573524277,250.49593794519336,247.86491680302385,247.99654978896788,historical
1919,r1i1p1f1,286.7352915094425,255.96827491561274,250.23677513039536,247.8280590743719,247.04166570199334,historical
1920,r1i1p1f1,286.8117821741145,255.7025964776028,249.9277783071953,247.23860554534744,247.0868260504749,historical
1921,r1i1p1f1,286.7618565399173,255.12671519936288,249.93571528191214,247.35371508707462,247.61955333226177,historical
1922,r1i1p1f1,286.8168198865539,255.68730327334865,251.21811309992142,248.8185657735322,249.4787282866702,historical
1923,r1i1p1f1,286.97127886171376,256.2650241801512,250.68085775623888,248.17662703231846,247.79498292397435,historical
1924,r1i1p1f1,286.84177827405864,255.84480463757325,250.3657026807189,247.80947506748117,247.6770984570708,historical
1925,r1i1p1f1,286.852487261491,256.0859536406817,251.19641759805066,248.62933220301346,249.20955439115988,historical
1926,r1i1p1f1,286.8638683052477,255.42684832275793,250.18132994030535,247.51235174911247,247.92719305203767,historical
1927,r1i1p1f1,286.9485817358817,255.15649003086068,250.28366267483534,248.06268278932416,247.8169762918368,historical
1928,r1i1p1f1,286.96747657058734,255.42215799807863,249.9535992440114,247.31020827474038,247.4029997865635,historical
1929,r1i1p1f1,286.7962508320394,255.44074380594034,250.11954159680104,247.7743878431589,247.31020536916623,historical
1930,r1i1p1f1,286.8418701596151,256.0922474988955,250.4370860993939,247.99247994947902,247.3825842015776,historical
1931,r1i1p1f1,286.8432726657014,254.91005515610956,249.60841804213393,247.00256210458718,247.19792008335398,historical
1932,r1i1p1f1,286.99071705355516,255.55529734342952,250.75985458385577,248.52570654901243,248.40221615336307,historical
1933,r1i1p1f1,286.9133002472683,254.19547214296023,249.35971542657236,247.0228015006173,247.1034063451233,historical
1934,r1i1p1f1,286.9298100011758,254.89414645181262,249.6856136607416,247.26441675104408,247.1170853566814,historical
1935,r1i1p1f1,286.9477875706695,254.50826360667259,249.1177089032768,246.6455423827247,246.4108866652442,historical
1936,r1i1p1f1,286.9245964090637,254.5690387731633,249.74297818764106,247.47995318275602,247.39136562159865,historical
1937,r1i1p1f1,287.1438674406533,254.58472530695252,249.25741030858882,246.16963685701356,247.51221076072503,historical
1938,r1i1p1f1,286.9358976870802,255.6466443416086,250.30334399497121,247.82117140409042,247.66594573453517,historical
1939,r1i1p1f1,286.91936067725675,255.22648134653937,249.79368011629845,247.26526610237127,247.11883417572253,historical
1940,r1i1p1f1,287.0645374139974,256.9321518364916,251.31637211260272,248.89992347452838,248.26708068866623,historical
1941,r1i1p1f1,287.1387969836288,257.08069417610307,251.55528681851186,248.9906675664028,248.824902139511,historical
1942,r1i1p1f1,287.1108446931769,256.11089430485066,250.79061867327437,248.2692152880186,248.23660583542608,historical
1943,r1i1p1f1,287.1906062374274,256.0235946641261,250.90449650318354,248.39276378059503,248.57064385187056,historical
1944,r1i1p1f1,287.0748848014183,256.1610823430357,251.33349205680048,248.88079871228726,249.25370137723237,historical
1945,r1i1p1f1,287.05321615895355,257.3876941627675,251.47349163229924,248.69724266164152,248.5959475969182,historical
1946,r1i1p1f1,287.01952688947927,256.89562278678034,251.8526425995128,249.6373953929654,249.17967966872683,historical
1947,r1i1p1f1,287.0303089860303,257.16316771679755,251.78547783526236,249.19605307242767,249.26277476702606,historical
1948,r1i1p1f1,287.03861515508277,255.5729612111998,250.11765268013744,247.66148660303193,247.31239526077968,historical
1949,r1i1p1f1,287.1062061964488,256.56905449303264,251.36487423026227,248.99985445014613,248.720373852168,historical
1950,r1i1p1f1,287.23904661891055,255.8526484588824,250.9541554865232,248.4844859483535,248.8163439352786,historical
1951,r1i1p1f1,287.07963046977915,255.17045908656848,250.05825009787796,247.71042619751276,247.49597122172744,historical
1952,r1i1p1f1,287.11842285412206,255.74940807829165,250.7317692249599,248.1551187525336,248.60963056571566,historical
1953,r1i1p1f1,287.15636555238046,256.68597171320044,250.901142720161,248.2109917919746,248.0499518935211,historical
1954,r1i1p1f1,287.31964753995476,256.25686476133484,250.83694091952333,248.15612390824091,248.39692608607442,historical
1955,r1i1p1f1,287.20975353680336,255.2668520517963,249.74439381628812,246.7858903726253,247.5856302364031,historical
1956,r1i1p1f1,287.2307644420053,257.94622834135373,252.20353712338044,250.17701427432613,248.44407959129992,historical
1957,r1i1p1f1,287.2248982414506,256.60018270295325,251.92767866656314,249.6965552289785,249.708741064895,historical
1958,r1i1p1f1,287.1299553596141,256.3680814592108,250.9898946950858,248.2142907123417,248.73518224974188,historical
1959,r1i1p1f1,287.2063242318267,257.3699678471133,251.6299562975044,249.1070960361897,248.5895979999251,historical
1960,r1i1p1f1,287.2694379338646,257.4246652363005,251.9406792761248,249.12994054149559,249.61353110000272,historical
1961,r1i1p1f1,287.1914182541738,257.81009893470883,252.25198337627523,249.80395024847107,249.31535731985824,historical
1962,r1i1p1f1,287.23661199069414,257.91464422502986,251.93087859254948,249.31465664289124,248.74154036490012,historical
1963,r1i1p1f1,287.15970685301147,255.1507865460145,250.07616592165704,247.15117612366998,248.39020695937256,historical
1964,r1i1p1f1,287.0840164986273,257.67653584453313,251.90525596806623,249.43146078077427,248.75773292038608,historical
1965,r1i1p1f1,287.01510623741444,256.783614478495,251.63526528862232,249.2281010497242,249.11653016383198,historical
1966,r1i1p1f1,286.92636052315584,257.68031746951243,252.08903443156382,249.83214980175424,248.83807417976266,historical
1967,r1i1p1f1,286.9264194825497,256.13717607177773,250.692326043096,247.93323345672337,248.33621933889577,historical
1968,r1i1p1f1,287.0843570630171,254.71626552163102,249.63476261299328,246.8862917609954,247.68616110626266,historical
1969,r1i1p1f1,287.0987328993822,254.9694252252618,250.48990576601315,248.1599691813509,248.63808526969467,historical
1970,r1i1p1f1,287.14672734749496,256.5328547509648,250.75403542759128,248.20206829132087,247.71050398962663,historical
1971,r1i1p1f1,287.209407660859,257.7040319604324,251.83597649086562,249.2316083974541,248.7641907518779,historical
1972,r1i1p1f1,287.09876100619016,257.2825565590323,251.5482095117387,248.93081449783497,248.6508120826689,historical
1973,r1i1p1f1,287.0291245882028,257.4496563092557,252.15624437202646,249.806926194871,249.38525500740167,historical
1974,r1i1p1f1,287.0928841130525,257.7092291161373,252.079080745773,249.5135926579959,249.22806218133758,historical
1975,r1i1p1f1,286.98065151338005,256.6127756260337,250.97457583928897,248.19317863503773,248.4256429057964,historical
1976,r1i1p1f1,287.05512395701055,256.644268397694,251.52490765602988,248.89784797080554,249.35711187887,historical
1977,r1i1p1f1,287.1911499501582,256.8967303317839,251.3881686163184,248.506382117389,249.13491004334367,historical
1978,r1i1p1f1,287.0879885844731,256.91732922558543,251.50340790806266,248.97307116053074,248.85330613616227,historical
1979,r1i1p1f1,287.2141032958,256.40265607683807,250.82401518375323,248.29573475399832,247.97926280440495,historical
1980,r1i1p1f1,287.34263315802303,255.4259827175493,250.1857616720634,247.4375275349829,248.05211826635232,historical
1981,r1i1p1f1,287.4712345708641,256.3605992212457,250.94377183171272,248.13998960729327,248.68474117662157,historical
1982,r1i1p1f1,287.23605060336644,256.37566056951124,250.5707587879234,247.85170002756624,247.73790961423524,historical
1983,r1i1p1f1,287.1932277973356,257.6004516248828,252.11386163069812,249.71503700019406,249.18948527058012,historical
1984,r1i1p1f1,287.31815816246643,257.6399639890248,252.07107281403475,249.44384033083472,249.38040735500374,historical
1985,r1i1p1f1,287.27766124631034,256.9297538125769,251.62436622549623,249.07655164943841,249.12577751524424,historical
1986,r1i1p1f1,287.407123374626,257.68521200795044,251.89309613328834,249.20250058891207,249.03406692786277,historical
1987,r1i1p1f1,287.46342953059246,257.1711898056907,252.07357527552887,249.8588878401889,249.33622682744914,historical
1988,r1i1p1f1,287.59508851101185,258.56373495980074,252.33544850635025,249.4062425670509,249.3130495411185,historical
1989,r1i1p1f1,287.49304441290445,258.3203591122791,252.70330097261714,250.0664632410854,249.97043942102843,historical
1990,r1i1p1f1,287.5894004423926,257.1453706395407,251.57635530950162,248.80489979044415,249.09359122214738,historical
1991,r1i1p1f1,287.52402219783045,258.9344559353843,252.87101035085422,250.21381785677784,249.64804967641447,historical
1992,r1i1p1f1,287.3248505141392,258.12557070832406,252.2304030204972,249.74094891483745,248.96130005855335,historical
1993,r1i1p1f1,287.3867208660986,257.7128888213385,252.7451002544876,250.35529631371827,250.41144095420023,historical
1994,r1i1p1f1,287.5102573330919,259.8411982204113,253.80162413908107,250.9189219791292,250.93174689115978,historical
1995,r1i1p1f1,287.47411347414084,258.6595732233386,252.67907681343652,249.56546769933726,250.21103818255068,historical
1996,r1i1p1f1,287.5777962241244,258.04260925480025,252.13474064302196,249.2707868926177,249.39108404553411,historical
1997,r1i1p1f1,287.63700548542283,258.4820672719527,252.55559243120624,249.88091011451002,249.51725429686874,historical
1998,r1i1p1f1,287.59126944228757,258.72798946762884,253.7101908956881,251.30099646287675,251.34630624884704,historical
1999,r1i1p1f1,287.67830841792215,255.50431826440646,250.37036802655317,247.54958538057537,248.46504534760652,historical
2000,r1i1p1f1,287.7134530527215,257.63588011666917,252.23323618941401,249.55776195347704,249.8056229011141,historical
2001,r1i1p1f1,287.7389474989229,255.83605724772679,250.63065269462246,247.68706545732243,248.8193277008457,historical
2002,r1i1p1f1,287.8404826906837,259.1892054278025,253.79212452811657,251.33039771959747,251.06264816693903,historical
2003,r1i1p1f1,287.9226398719954,258.07041555091877,252.91119271908994,250.42834085529572,250.48898548990903,historical
2004,r1i1p1f1,287.8982684680034,258.6322060197866,252.763801822753,250.22104168908692,249.60273902667203,historical
2005,r1i1p1f1,287.859789195544,258.05532846142313,252.61502164366254,250.00234387960586,250.05299431225964,historical
2006,r1i1p1f1,287.89667027113313,256.31008263590235,250.75457847351362,247.5483063999384,248.9147726500845,historical
2007,r1i1p1f1,287.9504492882772,259.2930586016561,253.83063620152902,251.21211010699375,251.2513093319582,historical
2008,r1i1p1f1,287.92961083433477,258.18279759406715,253.5374125201486,251.0718564747494,251.68820901487592,historical
2009,r1i1p1f1,287.9512339416236,259.6981764461557,253.9752284793719,251.5402428629215,250.82796540104079,historical
2010,r1i1p1f1,287.9906932717532,257.8397996042766,252.34383668221543,249.6998867125583,249.7621533451801,historical
2011,r1i1p1f1,288.11185370493047,258.97559804131805,253.40100147623764,250.83841116183967,250.61044847397946,historical
2012,r1i1p1f1,288.0719719994923,258.376528288126,252.991571119351,250.5481204371408,250.24983931963519,historical
2013,r1i1p1f1,288.0409104250861,259.0144036994558,254.03536764650013,251.3106304914323,252.17177037083047,historical
2014,r1i1p1f1,288.17551774276296,259.3969784022312,253.68969281274696,251.13145147097464,250.73845596254574,historical
2015,r1i1p1f1,288.2627925991307,259.9003940601774,254.474028394179,252.3106452779622,251.28010402292733,ssp126
2016,r1i1p1f1,288.2889143754466,257.49333012765567,252.36034922563312,250.00320134340032,249.78734816657436,ssp126
2017,r1i1p1f1,288.34046049074885,258.3025394022706,252.96666840118985,250.43119318518163,250.41480623659788,ssp126
2018,r1i1p1f1,288.25803402115844,258.1607730614256,253.33403032827633,250.90981419137833,251.21414676111291,ssp126
2019,r1i1p1f1,288.3868892503813,256.9978406432352,252.1801158339076,249.4286560961971,250.54278467892541,ssp126
2020,r1i1p1f1,288.45971883388097,260.10185831828727,255.04603389632518,252.65553762520855,252.61092590282348,ssp126
2021,r1i1p1f1,288.58857221548885,257.45428035450357,252.98686375537696,250.38030806983923,251.5481583262677,ssp126
2022,r1i1p1f1,288.80187504445655,259.1769162931643,253.8798973839936,251.55270508450857,251.07279337216966,ssp126
2023,r1i1p1f1,288.769910168121,256.8175380594508,252.07673329457523,249.44402278560568,250.3576149045696,ssp126
2024,r1i1p1f1,288.8261345788813,259.6238018378343,254.62231152684225,251.93262490785494,252.68202281196844,ssp126
2025,r1i1p1f1,288.7309664608584,258.46411423436507,253.68986093441814,251.2928949310716,251.59175026891313,ssp126
2026,r1i1p1f1,288.8252904379998,259.4085820052456,254.80909209786373,252.1743357261985,253.25737314321447,ssp126
2027,r1i1p1f1,288.92999885417,258.13579185938517,253.92136187151968,251.82254192898748,252.0446338572698,ssp126
2028,r1i1p1f1,288.9862963788183,259.4460373808619,254.4416572894274,251.84510605413172,252.36365528187682,ssp126
2029,r1i1p1f1,288.9992899853595,259.97463685176393,254.65909902812714,252.34306315907634,251.8143510700322,ssp126
2030,r1i1p1f1,288.9830509584333,260.7399688237555,255.23342106789468,252.59013771108815,252.63845854266887,ssp126
2031,r1i1p1f1,289.03123032137114,259.0737709350377,254.2773731766601,251.63387493039698,252.5091227921483,ssp126
2032,r1i1p1f1,289.1600181649431,258.7583618436615,254.09596165476938,251.49867608316515,252.4169812520034,ssp126
2033,r1i1p1f1,289.0862772680112,258.622160516041,253.81428579167414,251.2965031568121,251.8513312897658,ssp126
2034,r1i1p1f1,289.1378081549271,258.9679804676147,253.59526184526982,251.01354528197774,251.0672245374497,ssp126
2035,r1i1p1f1,289.1898026127887,258.8348040757623,253.46570404025832,250.74625349594862,251.1405628889791,ssp126
2036,r1i1p1f1,289.26299725739375,257.93393420377475,253.42540640888797,251.02511459729448,251.64131831324514,ssp126
2037,r1i1p1f1,289.1845306317329,258.947952817889,254.28286165254212,251.54652035870726,252.80134161161322,ssp126
2038,r1i1p1f1,289.1901702484564,258.71591371247456,253.93107793697166,251.3189900432335,252.1309719105705,ssp126
2039,r1i1p1f1,289.30093320813603,260.07083767434546,255.54276398127638,253.03801975718613,253.8866058974816,ssp126
2040,r1i1p1f1,289.3241214736412,259.08196406789347,254.415357874635,251.822755917682,252.72472669301888,ssp126
2041,r1i1p1f1,289.2278991854115,258.03317795565033,253.60925466586318,250.82319835989477,252.48009721281963,ssp126
2042,r1i1p1f1,289.2693208048747,258.60101441955345,253.71842598578033,250.96992927797766,252.00133872049753,ssp126
2043,r1i1p1f1,289.13796261464404,258.4672706429211,253.27112477349291,250.5011069710904,251.22019524746432,ssp126
2044,r1i1p1f1,289.26723272090084,259.12720755860704,254.2579216241496,251.81714568006137,252.11241849255117,ssp126
2045,r1i1p1f1,289.3293630635994,259.96271200596215,254.76908782012214,252.44141452071045,252.0829981919855,ssp126
2046,r1i1p1f1,289.4369353443709,260.53789185841686,255.15426862834858,252.5237452248348,252.68394688112247,ssp126
2047,r1i1p1f1,289.3671176202892,259.78423935226436,255.0640651048269,252.42204331148784,253.38238625933673,ssp126
2048,r1i1p1f1,289.33594574479525,258.4359751997917,253.56945198822137,251.0067170316045,251.60309320067026,ssp126
2049,r1i1p1f1,289.50886571891465,258.4114825385771,253.8577648484776,251.22179017941363,252.36106849085576,ssp126
2050,r1i1p1f1,289.53969414031604,260.0065387623166,254.83202327366175,252.21477949142803,252.58588414988722,ssp126
2051,r1i1p1f1,289.5177790551338,259.5538338769506,254.9038318480927,252.3333164282647,253.2006624857028,ssp126
2052,r1i1p1f1,289.60755128601863,259.97375830722194,254.85964456485792,251.7683795594442,253.36758416627026,ssp126
2053,r1i1p1f1,289.5044593120127,258.1505421719121,253.31918621888482,250.69730300532464,251.47907465108818,ssp126
2054,r1i1p1f1,289.4878108228211,259.96603354384143,255.39263713204244,252.79090663664778,253.8236424300374,ssp126
2055,r1i1p1f1,289.52904143765767,259.791434329627,254.8298036299397,252.28871351956028,252.7215448682224,ssp126
2056,r1i1p1f1,289.56123755078085,256.4338883646373,251.86442125377903,249.19503882093008,250.397588935844,ssp126
2057,r1i1p1f1,289.68978836293195,259.41535636119085,254.8481070300695,252.2507228289715,253.2799960373444,ssp126
2058,r1i1p1f1,289.6186650757199,258.97548231712227,254.71277406958356,252.17341591234896,253.41535356842599,ssp126
2059,r1i1p1f1,289.6259830108911,259.1879378012375,254.75203230103625,252.0234351052225,253.52604473099805,ssp126
2060,r1i1p1f1,289.68271983435767,260.14588199947974,255.52776439538428,252.90207224490453,253.94129297610522,ssp126
2061,r1i1p1f1,289.6448598439983,258.9413787155931,254.33486579949005,251.79601471589115,252.63662804467603,ssp126
2062,r1i1p1f1,289.7249179599969,259.20628928588644,254.50227591465168,252.27303453612294,252.24395594922882,ssp126
2063,r1i1p1f1,289.50984320106943,260.61963890186365,255.341680001894,252.75185330336268,252.93561376552316,ssp126
2064,r1i1p1f1,289.57221961056246,258.5704069271615,254.19094657287786,251.88711051238514,252.41791419012614,ssp126
2065,r1i1p1f1,289.61900931161125,260.7221534647148,254.98078972640917,252.34444506096656,252.10256238194816,ssp126
2066,r1i1p1f1,289.63082825467063,258.71077486432137,254.17943045546838,251.47606938774123,252.80597671020197,ssp126
2067,r1i1p1f1,289.6910717272064,258.97689090392475,253.7339084295681,250.98740810873318,251.59455046724437,ssp126
2068,r1i1p1f1,289.5149593938119,259.44228901482415,254.74841330523046,252.10275833493344,253.102579052209,ssp126
2069,r1i1p1f1,289.6228349983927,259.83520340268416,255.31226787345298,252.82481866116302,253.6371405264894,ssp126
2070,r1i1p1f1,289.5247571788097,260.1672997924903,254.86384806560088,251.99808506459235,252.8261618072253,ssp126
2071,r1i1p1f1,289.4689820229371,259.6378074042906,254.54893137475656,251.98357680966402,252.32759928377288,ssp126
2072,r1i1p1f1,289.5130741341346,258.86095455048314,254.18187064718234,251.37848305454818,252.7807834473381,ssp126
2073,r1i1p1f1,289.6439771767755,260.0018800974045,255.04011986407656,252.55158073987553,252.85590406452036,ssp126
2074,r1i1p1f1,289.58797906297445,258.67196112524,253.67282077957813,251.25044222606135,251.34966719744952,ssp126
2075,r1i1p1f1,289.5911986880171,258.6634021195843,254.09764631363618,251.54428490768856,252.46776919728293,ssp126
2076,r1i1p1f1,289.48870073380715,259.06088220776684,254.92183194375676,252.40756313617499,253.7321202393765,ssp126
2077,r1i1p1f1,289.50182147022156,259.3304632453994,254.043477334768,251.42554890813855,251.66744390431506,ssp126
2078,r1i1p1f1,289.57585037420534,259.6352938455369,254.46891295716003,251.80120432895026,252.30503705722165,ssp126
2079,r1i1p1f1,289.56814967605584,259.0895165085731,254.29334265177684,251.8231606927739,252.27533912410073,ssp126
2080,r1i1p1f1,289.6753244812348,260.3918037076498,255.46359831415887,252.93913495783073,253.37025204181384,ssp126
2081,r1i1p1f1,289.75377632311273,258.5173982845705,254.16015948462757,251.62175465593705,252.75135849550497,ssp126
2082,r1i1p1f1,289.8458874255079,260.6237150793288,254.83252987093758,252.2141743518319,251.87037538162363,ssp126
2083,r1i1p1f1,289.66977555112487,258.4322636522852,253.6476596425074,250.819921951453,252.15890431781955,ssp126
2084,r1i1p1f1,289.78512366390004,258.355348461163,253.75679277328575,250.8098259690075,252.65653344245882,ssp126
2085,r1i1p1f1,289.71400189512406,259.05111288331074,254.36179664662376,251.91349461068137,252.43658100809625,ssp126
2086,r1i1p1f1,289.6848547698732,259.0130542717235,254.8368164996705,252.14385145368624,253.86160409143065,ssp126
2087,r1i1p1f1,289.76937098541686,260.7859662360434,256.22911185052607,253.82730063099933,254.39097784959964,ssp126
2088,r1i1p1f1,289.73132239613255,259.40786796019745,254.1334900052136,251.124850602035,252.33574021338455,ssp126
2089,r1i1p1f1,289.7018460888911,258.5156293741343,253.24735074379444,250.2427750247736,251.45083676071053,ssp126
2090,r1i1p1f1,289.6281119189455,258.88513198921305,254.21228052008996,251.5755788463586,252.57799680742457,ssp126
2091,r1i1p1f1,289.6577447821762,259.43699462119844,254.78228425647802,251.81254201232113,253.64953190334163,ssp126
2092,r1i1p1f1,289.6516215125867,258.7269293476607,254.73957801908108,252.32649412752377,253.58043636182717,ssp126
2093,r1i1p1f1,289.5601190443231,258.9413333555943,254.14216837505435,251.4830499235919,252.3932303641711,ssp126
2094,r1i1p1f1,289.65754213718424,259.8580843535819,254.80506460092167,251.95432882280653,253.03712904562687,ssp126
2095,r1i1p1f1,289.4390427417942,258.4928422318242,253.55792015564919,251.0189477206716,251.47768743455816,ssp126
2096,r1i1p1f1,289.65010428855277,259.0957823582168,254.2261927135752,251.37153886254822,252.67736686326325,ssp126
2097,r1i1p1f1,289.6379484359554,259.54589009697554,254.97878507512416,252.3221967587428,253.496245643526,ssp126
2098,r1i1p1f1,289.5574123741404,259.5931686836195,254.66391502106143,251.93137075847093,252.86951153119355,ssp126
2099,r1i1p1f1,289.72490760470106,258.3610641536853,253.7094108014352,250.86369399795797,252.4013056535759,ssp126
2100,r1i1p1f1,289.48048904136766,258.9663656903352,253.74087459589174,250.94688620970433,251.69037425870636,ssp126
2015,r1i1p1f1,288.2548474182337,258.6203123986866,253.78056858554362,251.37567580777323,251.6176811527365,ssp245
2016,r1i1p1f1,288.309279569788,258.5331407366114,253.2972114021016,250.8609308549359,250.71856029524957,ssp245
2017,r1i1p1f1,288.46424828235837,259.1085643803271,253.7187251463227,251.02964599511273,251.32563816955766,ssp245
2018,r1i1p1f1,288.4284374424803,258.41720109657575,253.25103458802883,250.609300190852,251.04993959149155,ssp245
2019,r1i1p1f1,288.53933182173273,257.79676647499406,253.05601928399744,250.21969764353324,251.63068276900157,ssp245
2020,r1i1p1f1,288.5976586523632,258.0733056968169,253.41329123788782,250.97960970244935,251.50108361325786,ssp245
2021,r1i1p1f1,288.7101886502203,258.8467956462184,253.94875574166645,251.39382566838864,251.93446218439195,ssp245
2022,r1i1p1f1,288.81881338241266,259.24060151907423,253.98813009778323,251.4147901520761,251.58794104991685,ssp245
2023,r1i1p1f1,288.8033441538739,259.8204624735462,254.65913739666559,251.92602804701394,252.59548735865326,ssp245
2024,r1i1p1f1,288.8294589012217,258.20270403534363,253.4762071814779,250.8701065179854,251.73535345710232,ssp245
2025,r1i1p1f1,288.95047006112696,257.54832365384135,253.25585084923188,250.6129708553975,252.07312651554966,ssp245
2026,r1i1p1f1,288.95640934120746,259.22674506443565,253.79502357825518,250.94206318832371,251.58960155944507,ssp245
2027,r1i1p1f1,288.9726962910233,258.64914963053127,253.4097859394895,250.6468942614576,251.29828415959915,ssp245
2028,r1i1p1f1,289.0048300434991,259.5596386753257,254.95820493888021,252.55430212847313,253.07121108895484,ssp245
2029,r1i1p1f1,288.9381542264185,259.0786871328891,253.9763806406896,251.32396272132635,251.8650108856128,ssp245
2030,r1i1p1f1,288.981552313312,258.9364078585013,254.59568205960528,252.31112025939623,252.83992144062447,ssp245
2031,r1i1p1f1,289.0516357349164,260.4191761534692,255.2118764531234,253.07571072031033,252.23361747915172,ssp245
2032,r1i1p1f1,289.0565966340126,260.677911545139,255.1329866540039,252.5248131367525,252.4427176768221,ssp245
2033,r1i1p1f1,288.9899802797794,259.165694083136,253.97136608521973,251.4566452053079,251.5542789109252,ssp245
2034,r1i1p1f1,289.054118126902,260.27428409985606,255.05054269468346,252.64841256917802,252.4368117323364,ssp245
2035,r1i1p1f1,289.2979099370182,259.57280839244976,254.81970836035688,252.36201893018736,252.83380904928183,ssp245
2036,r1i1p1f1,289.35039178430986,259.7364690973452,255.20171932805326,252.89210519418148,253.2563115568607,ssp245
2037,r1i1p1f1,289.3175495314602,259.4233597964077,254.89397313336113,252.4287274397009,253.179309386302,ssp245
2038,r1i1p1f1,289.34231473734457,259.15854189770926,254.2391683665253,251.34001754267686,252.69659712005532,ssp245
2039,r1i1p1f1,289.3794541448794,261.4292817017638,255.96810680445745,253.34331057663064,253.3992765014499,ssp245
2040,r1i1p1f1,289.4087608409537,259.22321957607255,254.4468372726821,251.82640807601808,252.66860112683233,ssp245
2041,r1i1p1f1,289.432937757195,259.0225390989269,254.5245345961446,251.8705872622494,253.11859780468973,ssp245
2042,r1i1p1f1,289.3454349556494,261.18468137076877,256.19778155194814,253.908218461766,253.69728217969472,ssp245
2043,r1i1p1f1,289.53163760398064,259.19789398086255,254.536784923011,251.7983814749219,253.06287358041058,ssp245
2044,r1i1p1f1,289.4880466165749,259.41208488603587,255.05520873992464,252.3310846816077,253.9147350678303,ssp245
2045,r1i1p1f1,289.5483486600947,258.71829282582655,253.59925598775465,251.10533559210174,251.2397799072503,ssp245
2046,r1i1p1f1,289.6362888502632,260.02245988366906,255.14701222380955,252.44806283689792,253.3667612567967,ssp245
2047,r1i1p1f1,289.6759570280251,259.69898602727125,254.91934939723347,252.2826422809793,253.16080755291418,ssp245
2048,r1i1p1f1,289.65721452464976,260.09783045738754,255.19419117496156,252.81489361669972,252.92002669452998,ssp245
2049,r1i1p1f1,289.7453920372417,259.4892038442923,254.7672685599903,252.37074659263365,252.72939987921706,ssp245
2050,r1i1p1f1,289.83252638271404,261.08019548216913,255.99159090577078,253.43146831464207,253.7630274330631,ssp245
2051,r1i1p1f1,289.8056932027838,259.66424884082176,254.55486449416748,251.7719900546384,252.62344549252805,ssp245
2052,r1i1p1f1,289.76632151344916,261.2647236093599,256.1981254214627,253.62097093513026,254.01973979737568,ssp245
2053,r1i1p1f1,289.75007584482466,259.71928972228443,255.02568268064536,252.44301641711277,253.2892980670728,ssp245
2054,r1i1p1f1,289.9324997846624,260.6799902864022,255.71417811198157,253.07888573335367,253.7369428287382,ssp245
2055,r1i1p1f1,289.9266951851973,259.5371678689694,254.88134426570306,252.04540219534206,253.55428586131174,ssp245
2056,r1i1p1f1,290.017601166529,259.59009122781856,254.9610703337553,252.19177249793373,253.5690660519109,ssp245
2057,r1i1p1f1,289.90577114726614,260.2832669936317,255.9333649049665,253.3999294362914,254.52593320916,ssp245
2058,r1i1p1f1,289.8996762978174,260.7255793728899,255.80714715919564,252.96240082023755,254.18719130039477,ssp245
2059,r1i1p1f1,289.9432891308279,259.49732642107364,254.67017684018833,251.72791020153866,253.29712247824844,ssp245
2060,r1i1p1f1,289.9835148742722,259.859020296776,255.46970292492918,252.8682306760998,254.1145486303488,ssp245
2061,r1i1p1f1,290.01063270626895,260.38720761971774,255.45865558629836,252.84498608974405,253.49358833549567,ssp245
2062,r1i1p1f1,290.059233673785,259.68798843488753,254.68791890807043,251.9827992987828,252.77154609052198,ssp245
2063,r1i1p1f1,290.0314110501362,260.2436925154293,255.20979954411345,252.37008869067824,253.4482180716144,ssp245
2064,r1i1p1f1,289.99571028976897,261.62949309714026,256.5309740900912,253.88717032178408,254.41158567562323,ssp245
2065,r1i1p1f1,290.0052544237769,259.332237624288,254.8016869149495,251.99656209193026,253.575953923826,ssp245
2066,r1i1p1f1,290.1147656872577,261.1520229853246,256.085143332406,253.33997589235062,254.14879365466646,ssp245
2067,r1i1p1f1,290.1335196868368,259.08523518331447,254.46807711324436,251.74886257070216,253.0176310278789,ssp245
2068,r1i1p1f1,290.1933606282808,259.8518182331102,255.3768498483399,252.69716894675872,254.03484161385722,ssp245
2069,r1i1p1f1,290.21550272524905,259.0054746745477,254.26877187106697,251.5100266969715,252.73623554345048,ssp245
2070,r1i1p1f1,290.1603260993096,260.6855503623286,256.08413666985587,253.56450420094018,254.36410948498602,ssp245
2071,r1i1p1f1,290.15120040702146,260.1355405962148,255.52869913087974,252.67772721999128,254.28032225659413,ssp245
2072,r1i1p1f1,290.1907616598029,260.72793561257816,256.092237612229,253.4090174677303,254.5682936463455,ssp245
2073,r1i1p1f1,290.3155468719372,261.4383264447909,256.247185043525,253.52417923123463,254.1342630820512,ssp245
2074,r1i1p1f1,290.17856188548654,260.5032770629644,255.2469510683629,252.42524579087845,253.2005505394421,ssp245
2075,r1i1p1f1,290.0965095575609,260.29741947993847,255.395798844427,252.63428249121222,253.6753450003802,ssp245
2076,r1i1p1f1,290.2539354860467,261.4338467264106,255.87946598684263,253.37234869241195,253.03241674125945,ssp245
2077,r1i1p1f1,290.18959855170004,261.47068363640903,256.4742190485324,253.98083535996508,254.25660618460125,ssp245
2078,r1i1p1f1,290.1794998667541,260.98514285837246,255.85138061577553,253.23724987764737,253.6481754240358,ssp245
2079,r1i1p1f1,290.1904378410502,260.2382003819038,255.05854171745224,252.1734942649646,253.192731923599,ssp245
2080,r1i1p1f1,290.19497471913513,261.0240466323592,256.0029636364797,253.2262988600392,254.16534337542373,ssp245
2081,r1i1p1f1,290.2370218237613,259.9203735056001,255.6252521870121,252.81868949435167,254.67556274634677,ssp245
2082,r1i1p1f1,290.38726074339286,260.6001271190122,255.35023915539367,252.63556237111843,253.15693890835732,ssp245
2083,r1i1p1f1,290.3166730885674,260.4014428226007,255.52164925201623,252.8841297949569,253.6477265155593,ssp245
2084,r1i1p1f1,290.26158508050855,259.1372926975998,254.49743996483772,251.4531131409975,253.48956783842343,ssp245
2085,r1i1p1f1,290.30819411353053,261.7365633103505,256.8505492036502,254.25180212181655,254.91345736467144,ssp245
2086,r1i1p1f1,290.47177642682277,260.89804318338435,255.93482888834689,253.27852929800935,253.99092026281485,ssp245
2087,r1i1p1f1,290.40308847227993,260.3367528502435,255.62307783039643,252.93688676322063,254.01267758142018,ssp245
2088,r1i1p1f1,290.35630882987556,261.76248150392206,256.518695725915,253.828049780527,254.29783142559012,ssp245
2089,r1i1p1f1,290.37584937072063,261.91315565669714,256.7436854939032,254.1874161589214,254.41546023736132,ssp245
2090,r1i1p1f1,290.29301519265846,260.19414249426546,255.08055231462058,252.5317022381652,252.80665214957133,ssp245
2091,r1i1p1f1,290.3338067932185,260.34184107166607,255.88050423018848,253.50205082802802,254.11982975746287,ssp245
2092,r1i1p1f1,290.37471796613914,260.9338689328966,256.1982954811432,253.6824791765429,254.31664154411718,ssp245
2093,r1i1p1f1,290.4028562382341,260.09094584909764,255.5911279854728,252.8002225180707,254.38064700620893,ssp245
2094,r1i1p1f1,290.36520680389424,259.8585669743953,255.2624570853511,252.61112339391315,253.73858471845807,ssp245
2095,r1i1p1f1,290.4685352547218,261.24109278853877,256.49232947115723,253.87528918662306,254.74134496023436,ssp245
2096,r1i1p1f1,290.50585276853633,261.9056555384917,256.359730610178,253.83758599126588,253.54419874438284,ssp245
2097,r1i1p1f1,290.32500193400506,261.07532241174977,255.75896943375454,253.04592237322908,253.48597286982954,ssp245
2098,r1i1p1f1,290.2941252737724,260.6542377546945,255.98520835753442,253.58687600625416,254.0115178332097,ssp245
2099,r1i1p1f1,290.42150772527003,259.8975352379764,255.2527536667357,252.55249866280428,253.7428124132499,ssp245
2100,r1i1p1f1,290.472878028196,260.4447208658615,255.25576192695848,252.42334938602224,253.30320203163006,ssp245
2015,r1i1p1f1,288.3354829267096,258.535240009411,253.05768786814923,250.6655690782904,250.13415549839144,ssp585
2016,r1i1p1f1,288.3225391667025,258.59367703012964,253.27654163810794,250.56501703809434,251.00043838551542,ssp585
2017,r1i1p1f1,288.25705614387795,257.66630545143437,252.80219966280214,250.22602186562796,250.85804571407206,ssp585
2018,r1i1p1f1,288.41118342644154,259.82284087387535,254.4816948125189,252.17426157732493,251.594736981197,ssp585
2019,r1i1p1f1,288.5719739279117,259.74778267696763,254.65620012812914,252.15620321986142,252.33743817048372,ssp585
2020,r1i1p1f1,288.47708471514164,259.04030089201393,254.07526998146858,251.37973978081044,252.18583863549335,ssp585
2021,r1i1p1f1,288.5684508817019,258.62696646770655,253.63764630532438,250.9465570017259,251.71354341538625,ssp585
2022,r1i1p1f1,288.59216205672,259.4067925081192,254.3162237648254,251.5844519692634,252.33298347243326,ssp585
2023,r1i1p1f1,288.64031369576765,257.347773368109,252.6452256609765,250.1761141184991,250.73463085692617,ssp585
2024,r1i1p1f1,288.77852587620856,258.57335647036604,253.7780617543648,251.33894040128376,251.71627547184855,ssp585
2025,r1i1p1f1,288.98942702147707,258.770593526621,253.62665903583022,251.01042547810673,251.41464976757223,ssp585
2026,r1i1p1f1,289.00546669468173,258.7962483714919,253.60544564687228,250.75156451716794,251.6817091893906,ssp585
2027,r1i1p1f1,288.9073942563802,257.94831548441266,253.42076565493326,250.99605811855844,251.64976198222433,ssp585
2028,r1i1p1f1,289.022506709881,259.7291036544874,254.29702909574502,251.4201349590539,252.12572131980377,ssp585
2029,r1i1p1f1,288.99646482655953,259.30802742510497,254.51176184193784,251.66051463108954,253.04334908855822,ssp585
2030,r1i1p1f1,289.0434413942648,258.78521361575287,253.6490540191803,251.06839165953227,251.39477993211923,ssp585
2031,r1i1p1f1,289.18684930752767,258.62208865265086,253.82419580549427,251.38145257678295,251.76461073464841,ssp585
2032,r1i1p1f1,289.2440603160282,258.4396230906063,253.98799576299078,251.26497473304227,252.73566891038533,ssp585
2033,r1i1p1f1,289.25408081075614,260.7667224047636,255.49682511789922,252.91932347139013,253.0823609477779,ssp585
2034,r1i1p1f1,289.26445270522106,258.7780310537936,254.30599439274386,251.91381863553093,252.5526634202125,ssp585
2035,r1i1p1f1,289.2932451321143,259.3456016770131,254.46522781563633,251.8817754196049,252.51263651356078,ssp585
2036,r1i1p1f1,289.3367068323954,258.13420100030896,253.62643886295857,250.6181455298535,252.72030133466058,ssp585
2037,r1i1p1f1,289.53994957100366,259.74163209301634,254.92525443397284,252.2199337929944,253.22293399326543,ssp585
2038,r1i1p1f1,289.45483832610176,259.0753044804943,254.45168550410975,251.92901606909206,252.7101989218474,ssp585
2039,r1i1p1f1,289.5446245749001,259.7877013099276,254.990949421258,252.4923406873962,253.01327967254915,ssp585
2040,r1i1p1f1,289.57011256507906,259.6597988717913,254.86213523091888,252.3895725397032,252.84583231450154,ssp585
2041,r1i1p1f1,289.6238868244295,257.91151979487535,252.85866988339092,249.9132714747066,251.22748552240134,ssp585
2042,r1i1p1f1,289.6655216435631,258.67169585711866,254.20592410229162,251.6519002223608,252.6933541489855,ssp585
2043,r1i1p1f1,289.74062387936556,259.53578220446803,255.00529499922584,252.41124118834898,253.47515994060316,ssp585
2044,r1i1p1f1,289.71348108201533,259.1583808087749,254.82389716412493,252.46792718918502,253.17840887819585,ssp585
2045,r1i1p1f1,289.88612988207086,259.83439340928237,254.93048257012865,252.55298605096948,252.6534040285238,ssp585
2046,r1i1p1f1,289.88405931678784,261.11081924661056,256.0537035713327,253.56745122098428,253.75522382617888,ssp585
2047,r1i1p1f1,289.8647947912789,259.68525758129425,255.0879584085191,252.64468621532262,253.26256741367806,ssp585
2048,r1i1p1f1,289.999026857126,259.69515577552795,254.98791990854517,252.3846224175357,253.26543655458028,ssp585
2049,r1i1p1f1,290.03610812941736,260.9133021127088,256.30776764943715,253.92758925963903,254.38177862545857,ssp585
2050,r1i1p1f1,289.9466862271102,260.5100833061081,255.57282337021465,252.8684292206211,253.728495630744,ssp585
2051,r1i1p1f1,290.1625069583107,260.80320353282747,255.90314298066195,253.40996716262435,253.79741571596435,ssp585
2052,r1i1p1f1,290.17839291918995,260.3187620825239,255.14456627684874,252.36720660376687,253.12977091697263,ssp585
2053,r1i1p1f1,290.18401897440367,259.1598896079407,254.67821223859488,252.15830809196018,253.09791421773832,ssp585
2054,r1i1p1f1,290.34320741804277,261.24395500173836,256.80850540785605,254.49059665025928,254.99061856708664,ssp585
2055,r1i1p1f1,290.52076077657813,260.04196725290194,255.19082183420684,252.30510172429595,253.708273511619,ssp585
2056,r1i1p1f1,290.53495042924783,260.3934980776498,256.11252037588844,253.76780647569092,254.51305979173546,ssp585
2057,r1i1p1f1,290.5065369925028,261.26208580565395,256.7975890127989,254.47919507076375,254.94659981427964,ssp585
2058,r1i1p1f1,290.41289532141946,260.32842204054344,256.0437602622743,253.53007773158444,254.6837545936383,ssp585
2059,r1i1p1f1,290.47922948376754,261.29090077340396,256.22674366224015,253.67146093448918,254.01964808439297,ssp585
2060,r1i1p1f1,290.53826356355245,261.6850423951264,256.7195810867124,254.19009379146127,254.59012724993713,ssp585
2061,r1i1p1f1,290.5062289152224,260.5682206300082,255.67224672942692,253.2188856866153,253.51384115351578,ssp585
2062,r1i1p1f1,290.6523301941743,261.98041333696676,256.9781643088901,254.53910082602098,254.67546163782305,ssp585
2063,r1i1p1f1,290.6831491367768,261.23780343657876,256.4125253991217,253.70605585127134,254.70150491147635,ssp585
2064,r1i1p1f1,290.7795710584628,261.3840977002553,256.3878784542816,253.6399046054565,254.5378046771031,ssp585
2065,r1i1p1f1,290.73071052701664,260.79622493467576,256.0333683794996,253.39012304833625,254.30378508444338,ssp585
2066,r1i1p1f1,290.84926894759093,261.4033841365688,256.92844956078045,254.19870009955892,255.65870599804242,ssp585
2067,r1i1p1f1,290.9261354764937,261.9378197684848,256.9719299172407,254.1966568391557,255.19653040092413,ssp585
2068,r1i1p1f1,290.9674572854868,261.05329325891057,256.4624364330718,253.75687893721786,255.0228964478488,ssp585
2069,r1i1p1f1,291.1341990603233,260.7428001544094,256.26436943125793,253.6347746903416,254.8460813524689,ssp585
2070,r1i1p1f1,291.1124018048781,260.6473614305085,256.5975294224996,253.81359455427835,255.90064207789854,ssp585
2071,r1i1p1f1,291.28801287740237,260.49048109851776,256.3296026614276,253.52405809140308,255.53466310522572,ssp585
2072,r1i1p1f1,291.4249135142645,261.74626517668304,256.8719719100552,253.9834245419012,255.36656481794176,ssp585
2073,r1i1p1f1,291.2346578052109,260.13508043745605,255.66989171193373,252.92795610575584,254.42906826581634,ssp585
2074,r1i1p1f1,291.3955021249397,260.3103219121779,256.0450498038898,253.09747873380832,255.3335045290031,ssp585
2075,r1i1p1f1,291.47072559476067,262.32680110346473,257.54131562572024,254.8927653925204,255.79305150700765,ssp585
2076,r1i1p1f1,291.45073781544295,262.1673856592951,257.91618716427917,255.31975212425706,256.7144956065654,ssp585
2077,r1i1p1f1,291.5045028721863,261.88193319502903,257.15167491601915,254.4803905021958,255.50047344075773,ssp585
2078,r1i1p1f1,291.65676214488394,261.53595514398177,257.1904797267721,254.63508786434016,255.8198720777978,ssp585
2079,r1i1p1f1,291.80987182018566,262.55544490859955,257.92384058589266,255.0900943857571,256.6217985733465,ssp585
2080,r1i1p1f1,291.85953589283343,261.8360353571685,257.17471441115777,254.33770558246675,255.84279757371385,ssp585
2081,r1i1p1f1,291.8633372213726,260.8349197358239,256.74486219691846,253.94810596506534,256.01965955123853,ssp585
2082,r1i1p1f1,291.97484241138307,261.24775348284294,256.99907308664194,254.08495270153045,256.258582032168,ssp585
2083,r1i1p1f1,292.1214161011099,263.0755919320715,258.28349627483567,255.57807497261282,256.6095780270218,ssp585
2084,r1i1p1f1,292.06229256157144,262.6847328988185,258.1990248923999,255.69187603266016,256.5956365498681,ssp585
2085,r1i1p1f1,292.22066742802065,263.04657980876345,258.69615424768875,256.21837875192256,257.20782228495125,ssp585
2086,r1i1p1f1,292.2762099448227,262.6031768562483,257.8861730965772,254.97650106258718,256.59427687178567,ssp585
2087,r1i1p1f1,292.2070155930807,261.7072394714829,257.41459601395337,254.61490712333426,256.45787440641806,ssp585
2088,r1i1p1f1,292.28745549636136,261.7273472295374,257.5870870106279,254.7002079905804,256.9334681611095,ssp585
2089,r1i1p1f1,292.3496896856729,260.5476165089619,256.70976189176696,253.88048799716563,256.32495565859494,ssp585
2090,r1i1p1f1,292.4268182434933,261.30908743450107,257.214000789333,254.19289483826373,256.8065766501342,ssp585
2091,r1i1p1f1,292.64716859286153,261.4809816159615,257.43960000431525,254.55914832439208,256.8917746524138,ssp585
2092,r1i1p1f1,292.4638373517177,261.586023557298,256.98603104401514,254.0842335663491,255.81894163369657,ssp585
2093,r1i1p1f1,292.53157698972825,261.7279772723486,257.7527615414176,254.99059188533076,257.1113082814261,ssp585
2094,r1i1p1f1,292.73901576776507,262.1383894999444,258.11783434849184,255.52520414396724,257.1790540620556,ssp585
2095,r1i1p1f1,292.76943947077046,262.2241748272888,257.65318156937604,254.52151384096595,256.85143302343647,ssp585
2096,r1i1p1f1,292.7564279650627,263.6263642859451,259.66828655863566,257.21772398101285,258.5972746918597,ssp585
2097,r1i1p1f1,292.84142355195127,263.9767760656917,259.8580103061397,257.3655914611582,258.66038450135596,ssp585
2098,r1i1p1f1,292.915602314102,261.96456512792463,257.7570767222625,254.8611186923027,257.0383211058673,ssp585
2099,r1i1p1f1,293.03554375152663,263.38839339450897,258.96997730894117,256.30776898217016,257.6685743446589,ssp585
2100,r1i1p1f1,293.0091750686313,262.1476112598162,258.1743719855988,255.27951121294004,257.7266294578369,ssp585
