year,internal,brick,climate,emissions,tipping,interactions
2020,0.04494442089375763,0.4642513945991312,0.26887919646513436,0.0057029528097832655,0.21622203523219366,0.0
2021,0.042086134637368225,0.48364011074035534,0.2566478055813758,0.004047145425001566,0.21357880361589904,0.0
2022,0.04941996576606511,0.4691559348045345,0.2635337188372154,0.0035334491405344015,0.21435693145165072,0.0
2023,0.06632814005479971,0.4425185299500238,0.27160334283566484,0.003212579621541598,0.21633740753797004,0.0
2024,0.0879524656904542,0.43099197369400877,0.23491550666453015,0.0030034278811400844,0.2214927999307519,0.021643826139114912
2025,0.10021414234812276,0.38535776414704703,0.23198892498322904,0.0022358805913795586,0.2265425216569223,0.053660766273299416
2026,0.1060395124966195,0.37274239039190826,0.252697978380124,0.0027120174359116216,0.22701827610882047,0.03878982518661609
2027,0.11277177306284909,0.37956830148829634,0.24293675139241247,0.003654175011029266,0.23179645033263724,0.029272548712775445
2028,0.12286451808707863,0.3737433698752656,0.23994268143019612,0.0036209186826927113,0.23726092633647664,0.022567585588290376
2029,0.13368363422525978,0.35567219173591597,0.23245328791043124,0.0038118678358709584,0.24643385858529274,0.027945159707229304
2030,0.1424824483401352,0.3491932707021703,0.22520973045395065,0.0037401817439799267,0.2560338950961815,0.02334047366358232
2031,0.14909146957380173,0.34187106964573283,0.22525050075309788,0.003932828619717149,0.2613644470396924,0.018489684367957872
2032,0.14919885853358714,0.33617445448170874,0.23317965170263344,0.004113870807554425,0.2627870761863501,0.014546088288166125
2033,0.15150016881937634,0.32261659822024297,0.23030043761669042,0.003890400417499232,0.2688630221083696,0.022829372817821422
2034,0.14964309668460474,0.32399281299024274,0.22998357452471127,0.004866458570471881,0.27173517546571613,0.01977888176425326
2035,0.1448116573549886,0.31658942178267163,0.24296417457596714,0.004162370013535993,0.270797682531523,0.020674693741313633
2036,0.13912349669970928,0.31020348958361693,0.2372557337778672,0.0031552082886584284,0.26682398177950745,0.04343808987064075
2037,0.13498030235983824,0.2921862319019464,0.22416455341699515,0.0027927898551850807,0.2645965261932512,0.0812795962727838
2038,0.13042063728210537,0.28805447731314177,0.2325040473904063,0.002416844377902659,0.25990755250995023,0.08669644112649355
2039,0.12398907719020746,0.2831710887411362,0.24540397660184066,0.002905243458440552,0.24805976839585597,0.09647084561251922
2040,0.11788790664890769,0.2844173482570255,0.2465722900339521,0.004940785142498015,0.23477707606652246,0.1114045938510942
2041,0.11175620096535106,0.26862062232513606,0.24645431173642174,0.005041053571518472,0.22050127498211378,0.14762653641945886
2042,0.10618522749791769,0.2795601828728016,0.2509464621935618,0.005650074642501405,0.20804008536259996,0.14961796743061762
2043,0.10006142107442235,0.28277013053394806,0.2636038390605612,0.006953538698958679,0.19399724917419742,0.1526138214579124
2044,0.09422079700108837,0.28775903721493024,0.2657019498773794,0.007708682964677148,0.18170106880515352,0.16290846413677143
2045,0.08841450386100996,0.29952319779553194,0.26459789518257687,0.00845361216366115,0.1698042812333327,0.1692065097638873
2046,0.082878166973747,0.28739822080913724,0.26808634468714093,0.012773214867950166,0.15750139270839497,0.19136265995362955
2047,0.07787350105122616,0.2806782035855207,0.278045202304559,0.014753380466965916,0.14716928841664156,0.2014804241750866
2048,0.07275531329236966,0.2866960995704993,0.28555616774919973,0.01923616246248652,0.1375614469844446,0.1981948099410003
2049,0.06773716134989748,0.28857950188983417,0.2904908682863672,0.02173746588969411,0.12848030791473813,0.20297469466946888
2050,0.06308805406554191,0.28826824589086963,0.2939013493068039,0.023644226813729886,0.12075755450091816,0.21034056942213655
2051,0.0587075425277415,0.2966390013747354,0.2903679862678262,0.02497641236876946,0.11406798125087028,0.21524107621005711
2052,0.05481933699571336,0.30058524774983664,0.3026230170219566,0.028628580011479627,0.10829027921662547,0.2050535390043885
2053,0.051451915337417956,0.2975585661743746,0.30826524779844616,0.03122704540414686,0.10335261990794778,0.20814460537766666
2054,0.04858532675322444,0.3006330367689132,0.31170497529179336,0.03545240110848501,0.09874541906079869,0.20487884101678525
2055,0.04604454026956547,0.3052239258598724,0.3145421998135231,0.03991673195490406,0.09428714612250008,0.19998545597963485
2056,0.04381677080389209,0.29965333428031,0.31977294451880933,0.03707765270014005,0.0903431225335002,0.20933617516334835
2057,0.04165426426270185,0.30375749563596255,0.32663509567127386,0.040031000304568895,0.08688928871196765,0.20103285541352514
2058,0.03979818740043821,0.30856256284981026,0.3320004999308245,0.04481408669030476,0.08376770050079937,0.1910569626278229
2059,0.03816742559290667,0.3116397072314313,0.3403636998722941,0.04905911223823426,0.08075922313187361,0.18001083193326012
2060,0.036697835465430526,0.30359956550354267,0.3369223881794227,0.05040533817227527,0.07819510766336732,0.19417976501596146
2061,0.035334405446596134,0.3042484541517743,0.3434888189659918,0.056010393572631094,0.07571071949844153,0.1852072083645651
2062,0.03397198523386704,0.2967669464289382,0.355960033001,0.05909847373219361,0.07306466262188746,0.18113789898211372
2063,0.0326621669350389,0.298904984800625,0.3491705857751755,0.061613938287113416,0.07054897855133911,0.18709934565070796
2064,0.03145574511857794,0.2878342032944885,0.34674211809458744,0.06625581230251476,0.06829137597131758,0.19942074521851388
2065,0.030210646711228136,0.28784861798643907,0.34154281022084226,0.06846087387126717,0.06627296474343643,0.20566408646678694
2066,0.028952151504180294,0.2857623206434549,0.34559306980139054,0.07028454120109347,0.06433534126237875,0.20507257558750214
2067,0.027741783602746775,0.2833983500615296,0.34420484867035395,0.07719685699161524,0.06255379202000988,0.20490436865374462
2068,0.02666763031834663,0.27975608257003626,0.3514449764572775,0.078058031488094,0.061086891158920215,0.20298638800732544
2069,0.02556415913060215,0.26992295030169894,0.35160310116202215,0.07927453760461833,0.059559787879202825,0.2140754639218556
2070,0.024639914714787426,0.2608549724574971,0.34765169448901784,0.08280430701808283,0.058355020167678115,0.22569409115293668
2071,0.023710050724634082,0.2586980619321609,0.35378359396071174,0.08848040730644557,0.05711511553212536,0.21821277054392235
2072,0.022786411727757905,0.2570209726764286,0.3528243294701986,0.09220608253575084,0.05583044684476935,0.2193317567450947
2073,0.021983481769222254,0.259280076855482,0.34884789689283924,0.09319892240261977,0.05499149854713925,0.22169812353269747
2074,0.021202489367391792,0.2594756584950978,0.3473420164514005,0.09738631401442377,0.054203034335392704,0.22039048733629346
2075,0.02046005594723671,0.266945367123784,0.3456521457670429,0.10103356244238504,0.05349297937647269,0.21241588934307862
2076,0.01975311017636029,0.2603526449323587,0.34341292907586973,0.10673714560398494,0.052805012017693095,0.21693915819373327
2077,0.01910294437121927,0.2549376540336742,0.34667866093938576,0.11469716832146805,0.05215919290974805,0.21242437942450454
2078,0.018528936214867956,0.2573248914615072,0.352151761775104,0.11739180084080902,0.05144740271942941,0.2031552069882823
2079,0.017933377419815072,0.2588896815516348,0.3514867608807614,0.1234450617244148,0.05080856585266186,0.19743655257071194
2080,0.017461133044840694,0.259443585750275,0.35009397601897696,0.13042379738029666,0.05054011711787234,0.19203739068773842
2081,0.016928243935039288,0.26412254444957095,0.3575904623933974,0.13220649753655037,0.05003192269607597,0.17912032898936617
2082,0.016430072683867786,0.26243252010857515,0.3583736487392294,0.1334252573918072,0.04946999938303536,0.17986850169348514
2083,0.016011156128750762,0.262840948298532,0.35945684771055697,0.13693294032332748,0.04910550104041261,0.17565260649842013
2084,0.01563934161359268,0.2649674889151083,0.3552787599887077,0.14400546930416797,0.04879642962327379,0.17131251055514954
2085,0.015259470710667652,0.26193146576232407,0.36079767867853635,0.14824072921325387,0.048481684839671746,0.1652889707955463
2086,0.014875441957506761,0.2555729632692946,0.3600379389651488,0.15059493198443355,0.04815569679132374,0.1707630270322926
2087,0.014552212963013476,0.25263686115369416,0.36023419058168815,0.15533612414330314,0.04799152884441862,0.16924908231388253
2088,0.014237889370357018,0.25681829484894747,0.3587435804798039,0.15670886291130345,0.04782556531433827,0.16566580707524975
2089,0.013925569581895763,0.2526005520608656,0.3557232252417639,0.16071651642391735,0.047712175275567724,0.16932196141598946
2090,0.013666908327755613,0.24982801768201632,0.3512882884788924,0.16455796563900843,0.04748070274747474,0.17317811712485245
2091,0.013332826037541292,0.24685124988106222,0.3461377896036857,0.16271751847154226,0.04692370714124674,0.1840369088649219
2092,0.013097776141876613,0.24053443782603573,0.3346040286938799,0.1628436577072891,0.046784947140934056,0.20213515248998468
2093,0.012878436267757122,0.2447505600930974,0.3375156282132193,0.17019584056991383,0.046748112025137845,0.18791142283087453
2094,0.012647181488992023,0.24190954781294174,0.3335816119711154,0.1722671817715436,0.046689830009735485,0.19290464694567178
2095,0.012414410783905013,0.23383369597149317,0.3354985177842074,0.17490731885322328,0.04648996241956853,0.1968560941876027
2096,0.012234211803375748,0.23290361031558682,0.33131812514374104,0.1806306233376541,0.046373596479684955,0.1965398329199574
2097,0.01208868916790643,0.23000075918054352,0.333361930572217,0.18399701537216337,0.046282815977697386,0.19426878972947234
2098,0.011951709785846943,0.2346470070433544,0.33284184359061975,0.18713635259626313,0.04610497678867562,0.1873181101952401
2099,0.011819664519345892,0.22956315812274733,0.33205860908226287,0.19004332948683014,0.04596066527437633,0.19055457351443753
2100,0.011714910353952331,0.22802999429264487,0.33071158075740326,0.19139452167845403,0.04597430635428802,0.1921746865632573
2101,0.011568275532919682,0.22357088393628294,0.32977545860576557,0.19218241939680372,0.04603510995026382,0.1968678525779643
2102,0.011501330083914402,0.22484433964528014,0.33179633170039335,0.19607768775094078,0.04644673884850806,0.18933357197096326
2103,0.011354063651542609,0.22587431050442122,0.3316761132683472,0.2004882650863038,0.04657185318161156,0.1840353943077737
2104,0.01121968827816877,0.21928157368525247,0.32801159396869406,0.2009692359651809,0.0467058603907333,0.19381204771197053
2105,0.011090231429285466,0.2190501898585837,0.3332598447486635,0.20661616823305912,0.04679698063962743,0.18318658509078087
2106,0.010928804548235442,0.21655068994409696,0.33103402786819464,0.2114400518138879,0.04681261689488033,0.18323380893070465
2107,0.010782958934378794,0.21337916243003088,0.3307627534333651,0.20861529448195468,0.046922161773826555,0.189537668946444
2108,0.010600532821891205,0.21842154937586425,0.32667894977337353,0.2095145284851922,0.04685471733576791,0.1879297222079109
2109,0.010440089452259237,0.21388772502355236,0.3243106317917847,0.21626206368565273,0.04692059231315695,0.188178897733594
2110,0.010293774893218633,0.21045589065258186,0.32374682169890506,0.22178862520486167,0.04706472113671664,0.18665016641371607
2111,0.010146357882731272,0.21188476769651293,0.3214535846199699,0.22695585077071495,0.047179909704954844,0.1823795293251161
2112,0.010008140070955763,0.2141543153425805,0.3136988226115615,0.22784485669197557,0.047197660234415885,0.1870962050485107
2113,0.009848929342523441,0.21362683845421615,0.31418304440203326,0.23201343473623676,0.04706475942025013,0.1832629936447402
2114,0.009735571588968378,0.21139538401569244,0.31107647090151264,0.23535204929928785,0.04713620738266204,0.1853043168118768
2115,0.009578535887959653,0.20871463387283035,0.3052271713660884,0.23428339110768917,0.04697872454008634,0.19521754322534607
2116,0.009444238383426102,0.20351215748940332,0.3027651349603954,0.2353792532425297,0.04689679858186041,0.202002417342385
2117,0.009334271922143133,0.20643418422000814,0.30429059176148854,0.23237189006994466,0.046926495339069375,0.20064256668734629
2118,0.009233857525843207,0.2077612592912945,0.3109100428852051,0.23680305127599166,0.04694294138302501,0.18834884763864057
2119,0.00912977215012009,0.20232162745481766,0.31982494615178597,0.23852695719775702,0.046987057846976946,0.18320963919854236
2120,0.009011922763075159,0.20123162089921884,0.32111770792691413,0.2401931900064751,0.047027794341079114,0.18141776406323762
2121,0.008914628263526497,0.20112694853392651,0.31487287803131137,0.2402760082016356,0.04717362678417991,0.18763591018542014
2122,0.00880753267321859,0.2019897765354462,0.3198156797714143,0.23929230060380738,0.047280974702599884,0.18281373571351364
2123,0.0086977486478292,0.19842956448145307,0.32815252396889005,0.24241190005954522,0.04741127015486215,0.17489699268742032
2124,0.008614800246252665,0.19949430988085656,0.32613960284267746,0.24557063054520434,0.047716313164276866,0.17246434332073202
2125,0.008517081300648186,0.2004562187740216,0.3306209429400909,0.24520356002622423,0.04787653309479644,0.16732566386421868
2126,0.008470583679499401,0.19887820103756088,0.33735690557948617,0.25018254009565705,0.048361754558438136,0.15675001504935823
2127,0.008387768882914945,0.2037640664269732,0.3394825387129615,0.247168556492341,0.04867977648198627,0.15251729300282302
2128,0.00831300491107619,0.20219592329107203,0.33432298955809714,0.2547804827114021,0.04906226369838175,0.15132533582997065
2129,0.008219111248460573,0.19684672166495604,0.32364791705916496,0.25935373519719573,0.049366436565839,0.1625660782643836
2130,0.008142599761511493,0.19586727878254548,0.3159361379260932,0.26304525944602125,0.049744419786965734,0.1672643042968629
2131,0.008052014415816858,0.19574159491035856,0.3193408253594304,0.26342316941740246,0.04997691798255032,0.16346547791444155
2132,0.007945977504948182,0.20134823258396953,0.3194493381985575,0.26569333538197015,0.050157485516608855,0.15540563081394573
2133,0.007871513997290004,0.19534843090529047,0.3134675108813671,0.26868863388472414,0.050525823114998945,0.1640980872163294
2134,0.007790329278549693,0.19713825682987393,0.3086676503926619,0.2726132777037157,0.050827725522600925,0.1629627602725978
2135,0.007682338941421246,0.19016161394804443,0.3060632464628002,0.2701519516653509,0.050930802698616044,0.17501004628376715
2136,0.007577988278572938,0.1852877470720019,0.3018945162789439,0.27643986854317043,0.0510723586193894,0.1777275212079214
2137,0.007445904661359582,0.18858035865568692,0.29776916242626833,0.27553655753864564,0.051016378287311565,0.17965163843072807
2138,0.007359293982979424,0.18430087056011787,0.2930830987448744,0.2768695160317224,0.051264544711183004,0.1871226759691228
2139,0.007246699913239558,0.1841006052534983,0.2959781225255046,0.2750736898101527,0.051345444407779335,0.18625543808982556
2140,0.007154480399898653,0.18422026984371925,0.29813719938805094,0.276333554378139,0.05156941696661743,0.18258507902357476
2141,0.007058423786647201,0.1835067175794804,0.2981345624479186,0.27786194496724775,0.05176048927640283,0.18167786194230315
2142,0.006987945594773953,0.17950434421939895,0.2910802634998976,0.2775730172787385,0.05212836086729444,0.19272606853989652
2143,0.006909226641937887,0.17392513356233083,0.288474951731226,0.2852622796307481,0.05235098069435647,0.1930774277394007
2144,0.006806571943823656,0.17481217505220076,0.2886046087264756,0.2871255982868475,0.05235761793320409,0.19029342805744837
2145,0.006706714162442244,0.17184358716244785,0.2860864619956653,0.285741643478958,0.052361063744630156,0.1972605294558565
2146,0.0066230181460082025,0.17306059521458786,0.2843907929419077,0.28769085068005945,0.05239898841411558,0.19583575460332117
2147,0.006549782094200882,0.17382251768493728,0.2828651818042986,0.28505663688798366,0.05243327139627608,0.19927261013230352
2148,0.006495186779493005,0.1708714872782054,0.27975640835129373,0.2863849822015678,0.052519575019416384,0.20397236037002375
2149,0.006430115988846156,0.17014944678310592,0.27721034238345943,0.288952247957333,0.05244274561928007,0.20481510126797545
2150,0.006388274654097936,0.1680555974295282,0.27340713088760943,0.2890659680165055,0.05244485244991698,0.21063817656234196
