emissions,climate,brick,year
0.0,0.0,0.0,2020
0.0,0.0,0.0,2021
0.0,0.0,0.0,2022
0.0,0.0,0.0,2023
0.0,0.0,0.0,2024
0.0,0.0,0.0,2025
0.0,0.0,0.0,2026
0.0,0.0,0.0,2027
0.0,0.0,0.0,2028
0.0022104961435702253,0.34772249390355675,0.6500670099528729,2029
0.0003237879428460706,0.3750869025782962,0.6245893094788578,2030
0.00010713583717897325,0.4331770474385849,0.5667158167242362,2031
6.161128904953671e-05,0.4731013678851874,0.526837020825763,2032
6.398514727472626e-05,0.49247529655596545,0.5074607182967599,2033
8.673597299402665e-05,0.5289748241601081,0.47093843986689804,2034
0.00011921389630935857,0.5603048095541293,0.4395759765495612,2035
0.00017149463344214223,0.6025517196017552,0.3972767857648026,2036
0.00020905864508643856,0.642417763412459,0.3573731779424545,2037
0.00035211356019908453,0.6522595751436492,0.3473883112961517,2038
0.0010633884318511514,0.6798573790598054,0.31907923250834336,2039
0.0014674457170821746,0.6964508050676844,0.30208174921523334,2040
0.0030206477769547254,0.7029215106867831,0.29405784153626213,2041
0.004092291731621313,0.719906301077839,0.2760014071905398,2042
0.005302073640742992,0.7340938365895652,0.26060408976969185,2043
0.002744309223392699,0.7493678479293776,0.24788784284722973,2044
0.0037850782367819225,0.7688812402165415,0.22733368154667663,2045
0.0035623700787951354,0.7746578150679732,0.22177981485323178,2046
0.0040549406842136084,0.7837691002465256,0.21217595906926084,2047
0.0026801939786228,0.7857051779252145,0.21161462809616266,2048
0.0028606764602409126,0.7962304630429136,0.20090886049684553,2049
0.0022270284795350205,0.8023673106431591,0.1954056608773058,2050
0.002521631034254638,0.809762404313116,0.1877159646526294,2051
0.0016364470409532493,0.8206108539887705,0.17775269897027618,2052
0.0021462972511545053,0.8284352799701751,0.16941842277867042,2053
0.002112080628691181,0.8393992473472495,0.15848867202405928,2054
0.002339559264691889,0.8353951311086545,0.1622653096266537,2055
0.0017350466952605484,0.8408278671584871,0.1574370861462523,2056
0.0019219094352057764,0.8470116970184639,0.15106639354633028,2057
0.0018744578824777618,0.8549347237281827,0.14319081838933947,2058
0.001584453249950768,0.8613972977849477,0.13701824896510148,2059
0.0016924685813112848,0.8575265899465156,0.1407809414721732,2060
0.001859130959784756,0.8696094522871454,0.1285314167530697,2061
0.0023336634453077192,0.8799926179512374,0.1176737186034548,2062
0.002041891413057866,0.8723188556145889,0.12563925297235318,2063
0.0021592478386276877,0.8767947856609584,0.12104596650041398,2064
0.001887965220202118,0.8948654779573053,0.10324655682249267,2065
0.002191606247739523,0.8852174441468534,0.11259094960540698,2066
0.002252456725129825,0.8922340431043302,0.10551350017053997,2067
0.002061864893184286,0.8916907927323641,0.10624734237445163,2068
0.0026934793133798845,0.8929990596807503,0.10430746100586974,2069
0.002357064181706814,0.9088406102711227,0.08880232554717048,2070
0.0023985211419379013,0.9067810730778398,0.09082040578022223,2071
0.002444983736435828,0.8969674948338539,0.1005875214297102,2072
0.002828840020407512,0.9070682089352734,0.09010295104431895,2073
0.0025948741352384897,0.9088762536581696,0.0885288722065919,2074
0.002370945548398339,0.9153947392532797,0.0822343151983219,2075
0.002803996341376245,0.9143793070390338,0.08281669661958992,2076
0.0026746312769549874,0.9141118833594947,0.08321348536355025,2077
0.0029059651913701926,0.9135240013039776,0.08357003350465224,2078
0.003018653725208459,0.9145134882135568,0.08246785806123472,2079
0.003143610220551981,0.9217595955360017,0.07509679424344631,2080
0.003508151643805639,0.9203394261576521,0.07615242219854226,2081
0.0033013231787191993,0.9222223792093275,0.07447629761195322,2082
0.004088420286102523,0.9283118928202032,0.06759968689369428,2083
0.0038525554095559045,0.9296335449550133,0.0665138996354308,2084
0.003771466988845759,0.9273592017569808,0.06886933125417356,2085
0.0037390386207075874,0.9237528985941087,0.07250806278518364,2086
0.004099536182249845,0.9285013142294841,0.067399149588266,2087
0.0044186516892339945,0.9277410724435596,0.0678402758672063,2088
0.004303370068201273,0.9323723658065346,0.06332426412526408,2089
0.0050290917090918255,0.9299013361946995,0.06506957209620864,2090
0.0052276279723446764,0.932908926273442,0.06186344575421329,2091
0.005971417663022596,0.9214315414701001,0.07259704086687722,2092
0.005442555762500536,0.9276952406276179,0.06686220360988152,2093
0.005830936850923356,0.9395516685604561,0.05461739458862046,2094
0.005868965186592695,0.9316894969697683,0.062441537843638935,2095
0.005839292891190457,0.9310804870093443,0.0630802200994651,2096
0.006311645730895957,0.9271097791705675,0.06657857509853662,2097
0.0065075449969815595,0.9311775788676246,0.062314876135393896,2098
0.007006190069592486,0.9345346379505521,0.05845917197985537,2099
0.006781872781349157,0.9338475599100955,0.05937056730855538,2100
0.006980376197623329,0.93260032715026,0.0604192966521166,2101
0.007772242242895653,0.9333976458665599,0.05883011189054436,2102
0.00709266430001701,0.9344000291276945,0.05850730657228864,2103
0.008048209847710859,0.933389604403615,0.05856218574867416,2104
0.008743404441203353,0.9359462767218243,0.05531031883697243,2105
0.00814206108288175,0.9336426650758683,0.05821527384124989,2106
0.009183377408163914,0.9375715794460253,0.053245043145810855,2107
0.00943137528102942,0.9300575242084481,0.06051110051052233,2108
0.010094883967920246,0.9347100119778443,0.05519510405423555,2109
0.0100402891927922,0.9335398995480522,0.05641981125915561,2110
0.011029963686061328,0.937053726284457,0.0519163100294816,2111
0.009513470732492629,0.9420017354449768,0.048484793822530584,2112
0.01058555422544007,0.9302384597018054,0.05917598607275454,2113
0.011044739180887803,0.9345294479650196,0.05442581285409259,2114
0.010389707168118791,0.9272154717149622,0.06239482111691898,2115
0.010683542087500974,0.9352240082354922,0.054092449677006764,2116
0.010670605347191902,0.9318859906588475,0.057443403993960696,2117
0.010487533718676953,0.9310851700034276,0.05842729627789532,2118
0.012587869285092458,0.9285416312978848,0.05887049941702284,2119
0.011603042830685148,0.9303543648465168,0.05804259232279807,2120
0.011121886464436471,0.9298231325062698,0.05905498102929389,2121
0.012970933351730855,0.9331726478032824,0.05385641884498677,2122
0.01257587629704936,0.9301954619354627,0.05722866176748815,2123
0.012394803864017465,0.9314318415756306,0.05617335456035204,2124
0.01273035043767953,0.9319036040059575,0.055366045556362875,2125
0.012301487568881766,0.928652850549389,0.05904566188172927,2126
0.012968183818241167,0.9236004458450864,0.06343137033667234,2127
0.012843796686864292,0.9311896505376293,0.05596655277550644,2128
0.013039234456110141,0.9309068107721685,0.056053954771721315,2129
0.014120880999060547,0.9252416337484364,0.06063748525250307,2130
0.012943040205404675,0.9255035493870906,0.0615534104075047,2131
0.01456007104593017,0.9285878130554189,0.05685211589865089,2132
0.014183970408347827,0.9291865642573623,0.0566294653342898,2133
0.013971815448085179,0.9251533803937099,0.06087480415820486,2134
0.014040653379940204,0.9280954953414375,0.057863851278622154,2135
0.01459788820132083,0.9223884871180267,0.06301362468065239,2136
0.01591555174748833,0.9210046789684166,0.06307976928409495,2137
0.014977069484138947,0.9239050686219902,0.06111786189387086,2138
0.014805742339675658,0.921598656474186,0.06359560118613826,2139
0.016337089265833077,0.9258941297965819,0.05776878093758502,2140
0.0165427620700872,0.9215563898109564,0.06190084811895647,2141
0.017271435840936572,0.9288658125646567,0.05386275159440672,2142
0.01782757052804049,0.9257182581707007,0.05645417130125884,2143
0.017334648741235692,0.9175626227282687,0.06510272853049567,2144
0.017767724323960076,0.9175804290622231,0.06465184661381679,2145
0.01879093516358935,0.9176248199075896,0.0635842449288211,2146
0.019299327632677013,0.9196631882420503,0.06103748412527273,2147
0.018786074004098433,0.9179831093009658,0.0632308166949357,2148
0.01944566579218353,0.9177804235514181,0.06277391065639844,2149
0.019940236339146114,0.914275727558041,0.06578403610281282,2150
