emissions,climate,brick,internal,year
0.32524109428612213,0.6070970240599297,0.025845552233712064,0.041816329420236144,2020
0.32905373789112624,0.6142137280283491,0.026148527107345266,0.03058400697317951,2021
0.32994829563760164,0.6154852992022875,0.02621646546913623,0.028349939690974674,2022
0.32976424015116895,0.6163887015116613,0.026251644100553032,0.027595414236616652,2023
0.33015146058870987,0.6158689159418539,0.026105220505167868,0.027874402964268314,2024
0.3297171949734836,0.6153278434853032,0.026323346212006316,0.028631615329206744,2025
0.33055827210486294,0.6127321365941798,0.026975994321268144,0.02973359697968911,2026
0.3292415115003082,0.6125017325598683,0.02721791296960144,0.031038842970222108,2027
0.3266823357323647,0.6142294519462035,0.027215756573185573,0.03187245574824629,2028
0.3271898836456156,0.6151837455901914,0.02725804015863043,0.03036833060556256,2029
0.3274191648196432,0.6157065102328968,0.027286097308271008,0.029588227639188874,2030
0.3271006511452307,0.6165803504495745,0.02747594905571146,0.028843049349483223,2031
0.3272808530248445,0.6169200285813512,0.02768095047791547,0.02811816791588876,2032
0.3252023946123647,0.6184613595046311,0.02791376417515504,0.028422481707849313,2033
0.3253062238413619,0.6186588192010716,0.027922676362336713,0.02811228059522995,2034
0.32658302428921837,0.6177809115031783,0.028162117458423487,0.027473946749179932,2035
0.3261097138217331,0.6187363296861864,0.02813532572540847,0.027018630766672127,2036
0.32369423415655146,0.6207396518135961,0.028530707282310146,0.02703540674754217,2037
0.3215204279546627,0.6229746407217471,0.028663403865788948,0.026841527457801283,2038
0.319111159622682,0.6249727034830194,0.028972406242984673,0.02694373065131393,2039
0.3162310538933202,0.6271271424148764,0.028772099708829796,0.02786970398297367,2040
0.31139932615945104,0.6308258632865406,0.028508152794134583,0.029266657759873922,2041
0.30906872156723686,0.6311905505128039,0.02846677986177842,0.03127394805818076,2042
0.3036269681761049,0.6337357252780791,0.028452850237659495,0.03418445630815652,2043
0.2964198818801341,0.6370058052323024,0.02913681218953877,0.037437500698024616,2044
0.2889057356666801,0.6405733243943977,0.02905792761757442,0.04146301232134773,2045
0.2846796721073583,0.640162697177921,0.028933851924287192,0.04622377879043341,2046
0.2816402490048044,0.6373549649031921,0.02917531756137667,0.05182946853062678,2047
0.2755036889989698,0.6393744735174586,0.02917023274392494,0.05595160473964671,2048
0.2708781314033235,0.64248042990505,0.02922153092048309,0.05741990777114333,2049
0.2670166223623558,0.6413494967261025,0.029875041181164085,0.06175883973037748,2050
0.2638465236528143,0.6417136891181808,0.029877960251666728,0.06456182697733824,2051
0.25929549760396836,0.643304934038921,0.03042504892427064,0.06697451943284005,2052
0.25568289960110163,0.6421008682602258,0.03108473031730791,0.0711315018213646,2053
0.2533607710541309,0.6405500669305182,0.03177577149553273,0.07431339051981822,2054
0.24807253243698993,0.6469876750564578,0.03323397372475463,0.07170581878179763,2055
0.24643579987916617,0.6488619488124014,0.034363644013356544,0.07033860729507578,2056
0.244944079126563,0.6499534075409568,0.03501076755315098,0.0700917457793293,2057
0.23939360639246568,0.6601793647085858,0.03476564032461972,0.06566138857432863,2058
0.24077879201798214,0.6580614256745149,0.0354253815720023,0.06573440073550067,2059
0.23701825237328164,0.6622692711375405,0.035451145537937004,0.06526133095124086,2060
0.2366611956538145,0.6604256994686581,0.0360175518225366,0.06689555305499072,2061
0.24082820942483163,0.6571934611425492,0.03617142366422002,0.06580690576839927,2062
0.24101307335730848,0.6560070478293234,0.03750000149809044,0.06547987731527749,2063
0.24175410548263526,0.6561752799491029,0.03652788072879316,0.06554273383946872,2064
0.23879662378594832,0.6586077014025987,0.03594552974459038,0.06665014506686283,2065
0.24552942861696023,0.656055520578699,0.036007296843244996,0.062407753961095845,2066
0.23812204243112636,0.6647427624933151,0.03727209952191456,0.0598630955536441,2067
0.24039233808777594,0.6633220669234713,0.03665997751276524,0.059625617475987325,2068
0.23992975961453547,0.6628864115195006,0.03714096728009688,0.06004286158586706,2069
0.2424348808354079,0.6597775157795259,0.038135907928419255,0.05965169545664705,2070
0.24635274389590023,0.6585152742880473,0.037258633366803705,0.05787334844924895,2071
0.2509701640778185,0.6546741144548354,0.037030222235964416,0.057325499231381694,2072
0.25110257776533035,0.6579100189850788,0.03644641336915221,0.05454098988043864,2073
0.2555219159850732,0.651676535009337,0.03617999690229789,0.056621552103291964,2074
0.25459746442597886,0.6542868358253529,0.03507478978212856,0.05604090996653959,2075
0.2579202678927615,0.647336261582486,0.036415381012195464,0.05832808951255703,2076
0.25376594818667203,0.6523672702053372,0.035815023602729784,0.05805175800526102,2077
0.2606684969865528,0.6485297743805826,0.03484737998082274,0.05595434865204172,2078
0.26042448359609516,0.6443514164803639,0.035805284792311404,0.059418815131229576,2079
0.26716553768478774,0.6381999554570619,0.03574620917723988,0.05888829768091055,2080
0.2701219091786521,0.6354731904752984,0.03573633258743021,0.05866856775861957,2081
0.27617685626101846,0.6299566071196457,0.03550939039826516,0.05835714622107064,2082
0.2770613171718658,0.6276962560116588,0.0357539367156374,0.05948849010083812,2083
0.2732549415573054,0.6331574339403974,0.03533259196850627,0.058255032533790906,2084
0.2752330601829418,0.6324152988695031,0.03486428089720924,0.057487360050345895,2085
0.2742696614074611,0.630927996284932,0.03404872640383964,0.06075361590376721,2086
0.2764024134533566,0.630500978816189,0.03386996035006303,0.05922664738039117,2087
0.28157256226279,0.6263961841202387,0.03238460956910809,0.059646644047863365,2088
0.28497310825376615,0.62533054950634,0.032358710360280894,0.05733763187961303,2089
0.2899548030948663,0.6205545787078092,0.03154628736064938,0.05794433083667524,2090
0.292719227606613,0.6163727510284351,0.032343171096764135,0.058564850268187744,2091
0.30000422888707295,0.6089371436218134,0.03207713163182919,0.058981495859284486,2092
0.2985475644341803,0.6110228642114589,0.031676047430503534,0.058753523923857416,2093
0.29801821136874734,0.61077760971573,0.03172392166081213,0.059480257254710685,2094
0.30432903288811747,0.6059879241575122,0.031309043179933146,0.05837399977443727,2095
0.30548055585645806,0.6028991482418823,0.03152257005020842,0.06009772585145117,2096
0.3076889791694947,0.6018853876642904,0.030959718498730696,0.05946591466748392,2097
0.31196800049014867,0.5954534311657491,0.03107617426305379,0.06150239408104854,2098
0.32254765619066383,0.5826037842304038,0.03106535504819942,0.06378320453073293,2099
0.3229422271734874,0.5810167039696017,0.03089679339975445,0.06514427545715629,2100
0.3278392690762751,0.5761751612769332,0.030811173394091486,0.06517439625270033,2101
0.3277777646100493,0.5781315391996317,0.030725214138980737,0.06336548205133828,2102
0.32566705808801033,0.5822476191728853,0.030156171945172457,0.06192915079393202,2103
0.32021724605793994,0.5893114177619275,0.02952271586577726,0.060948620314355335,2104
0.3250275123487061,0.5834830068813114,0.0296721638473109,0.06181731692267156,2105
0.3237633347960611,0.5853169044395783,0.03017858881549083,0.060741171948869695,2106
0.3250075502061981,0.5846441864636226,0.029940666649373525,0.060407596680805746,2107
0.3263537446364491,0.583729548353166,0.02921569277310053,0.06070101423728451,2108
0.32800938880813013,0.5819569361167176,0.028607804094572517,0.06142587098057979,2109
0.3271432936442774,0.5830367790967904,0.028029139173655217,0.06179078808527687,2110
0.3301560622028408,0.5789837265144728,0.02809853411093384,0.0627616771717525,2111
0.33330057450506184,0.5738692900738055,0.027350566485570094,0.06547956893556245,2112
0.3349024455879788,0.5708580802650222,0.02620713171706867,0.06803234242993039,2113
0.32891502547939705,0.5759445107765321,0.02694310292749485,0.06819736081657611,2114
0.3290659586458928,0.5737456192970264,0.026422472246789605,0.07076594981029119,2115
0.3301358866103252,0.573402919797553,0.026896467615861567,0.06956472597626025,2116
0.33578964601470473,0.5667834609091368,0.026222289664417312,0.07120460341174126,2117
0.340040561066889,0.5622570509428034,0.025977189687907926,0.07172519830239958,2118
0.3464080574539123,0.5561701026723442,0.025804222759395496,0.07161761711434798,2119
0.3440323021893669,0.5604940372006074,0.025735961139457558,0.06973769947056811,2120
0.3502731401034887,0.5541944890838976,0.025559036322141467,0.06997333449047236,2121
0.35189372881713904,0.5523702616643437,0.0251299632485681,0.07060604626994911,2122
0.35174626602153947,0.5513618464219167,0.02523734309565242,0.07165454446089153,2123
0.3612927215130549,0.540265973865149,0.02523957603217181,0.07320172858962422,2124
0.3564534027961004,0.5466794315217128,0.02470904855475855,0.07215811712742821,2125
0.35708001904561565,0.5444155371823648,0.02463441837703336,0.07387002539498598,2126
0.3592174404784802,0.540772363903876,0.024647153114167257,0.07536304250347658,2127
0.3543983656707989,0.5453975483136756,0.02460638030061783,0.07559770571490766,2128
0.361000494696955,0.5384705835633499,0.024100781489747855,0.07642814024994736,2129
0.3604957324768886,0.5381851865465065,0.02346575412803181,0.07785332684857305,2130
0.3630694861092472,0.5332644317060277,0.02347553563896456,0.0801905465457604,2131
0.3678210723637201,0.5269907532210261,0.023017335793015035,0.08217083862223881,2132
0.36821781065438614,0.5255812128371984,0.022844527091929464,0.08335644941648593,2133
0.36701581991939186,0.5258756794532918,0.022548046044046068,0.08456045458327013,2134
0.3701389921353386,0.5201522801088546,0.02255471875589627,0.08715400899991058,2135
0.3708277030585891,0.5190349538884046,0.021896435011231723,0.08824090804177456,2136
0.37416347348203194,0.514139294589794,0.021547908037490175,0.0901493238906841,2137
0.37467216155758765,0.5131165634170218,0.021348183129143147,0.0908630918962476,2138
0.37819427337202416,0.5078462167390538,0.021135918006340827,0.0928235918825813,2139
0.3782432666333789,0.5058225391008156,0.02065258409568279,0.09528161017012257,2140
0.377396609904305,0.5054120067104598,0.02051826112394362,0.09667312226129166,2141
0.3756498718124344,0.5050757944379305,0.020281014012211208,0.09899331973742367,2142
0.37526530667887464,0.5027747874286121,0.02010527144458788,0.10185463444792511,2143
0.3795847486528378,0.4960959830336509,0.019880898069349093,0.10443837024416225,2144
0.3824736139474005,0.4912041117392457,0.01989582799994273,0.10642644631341097,2145
0.3811657253336922,0.48836174937406335,0.01962048000885022,0.11085204528339437,2146
0.3817113311425282,0.48237809565428214,0.01942122303402602,0.11648935016916374,2147
0.38180922985019833,0.47830073084999475,0.019263956037815527,0.12062608326199128,2148
0.38015348361196416,0.47453567209263253,0.019149773777412876,0.12616107051799053,2149
0.37692685614720445,0.47274780799831156,0.018951824257832667,0.1313735115966513,2150
