emissions,climate,internal,year
0.43372760224471246,0.49193098470607144,0.074341413049216,2020
0.4189110396311638,0.47446955967614585,0.10661940069269044,2021
0.40897612166642183,0.46551140275856745,0.1255124755750109,2022
0.39854859850212493,0.45216051055218826,0.14929089094568673,2023
0.3993175574918086,0.44684729053186406,0.15383515197632747,2024
0.3993385405871088,0.4605291873551042,0.1401322720577871,2025
0.3876931551177792,0.4487941462963172,0.1635126985859035,2026
0.3887697421884659,0.45071994591008174,0.1605103119014524,2027
0.39593930257157756,0.462153548693066,0.14190714873535656,2028
0.3948231782471724,0.4641091690770302,0.14106765267579738,2029
0.3887846260080403,0.4654664423811819,0.14574893161077773,2030
0.3885515589435497,0.4708700234489224,0.14057841760752793,2031
0.3866872670675964,0.4755340153242193,0.13777871760818436,2032
0.38457639167017243,0.47472363397452677,0.14069997435530088,2033
0.3836782387368529,0.4793603037804797,0.13696145748266747,2034
0.38244789163206383,0.4827614943526185,0.13479061401531772,2035
0.3809192637137042,0.4795059985233652,0.1395747377629306,2036
0.38181007509827053,0.48707800601007134,0.13111191889165816,2037
0.38548899405186854,0.496362883405133,0.11814812254299838,2038
0.3780277701000751,0.49496124442295514,0.12701098547696968,2039
0.37884473319845796,0.5046967361660328,0.11645853063550934,2040
0.370001055046039,0.5050180456699186,0.12498089928404242,2041
0.3814010181593066,0.5098414491749501,0.10875753266574324,2042
0.3834318668741074,0.518132509516674,0.09843562360921872,2043
0.3800893957524763,0.5199214381098713,0.09998916613765242,2044
0.38742737764926705,0.5195147666230244,0.09305785572770853,2045
0.3815307262523991,0.5191080436587922,0.09936123008880876,2046
0.3818687166765582,0.5314261497602268,0.08670513356321499,2047
0.37470893017497636,0.5322952791819792,0.09299579064304457,2048
0.3777084272873629,0.5300271299830633,0.09226444272957378,2049
0.3755691451750095,0.5329848824326818,0.09144597239230867,2050
0.37703240169492186,0.5393456213939712,0.08362197691110682,2051
0.3776703129951952,0.5419694558938566,0.08036023111094819,2052
0.38469980592509256,0.5437664434085919,0.07153375066631566,2053
0.380657575382587,0.5470597201574574,0.07228270445995562,2054
0.38104841961113184,0.5450860224847286,0.0738655579041396,2055
0.3798289551674392,0.5440628524846189,0.076108192347942,2056
0.3844054068593358,0.5430271838269956,0.07256740931366867,2057
0.3827212356698219,0.5511018145983606,0.06617694973181756,2058
0.3803827209320866,0.5489863348225343,0.07063094424537904,2059
0.3789581821217371,0.5504202121386054,0.07062160573965759,2060
0.3857644101457258,0.547694655254639,0.06654093459963523,2061
0.38629422715813383,0.5484588157584349,0.06524695708343119,2062
0.3922343300871434,0.5452813992498772,0.06248427066297941,2063
0.3952372671425466,0.5415070401716537,0.06325569268579968,2064
0.40137107851641785,0.539518796378229,0.05911012510535314,2065
0.40432970813256497,0.5345063697869257,0.06116392208050936,2066
0.406289111921226,0.5363360397995576,0.05737484827921633,2067
0.4129170715925559,0.5303762480541891,0.05670668035325492,2068
0.4195935464920604,0.5224147606513927,0.05799169285654695,2069
0.43100289696291677,0.5155737271338666,0.053423375903216566,2070
0.4283880219185309,0.5182372213809266,0.05337475670054247,2071
0.4297494731393917,0.5183627287405135,0.051887798120094926,2072
0.4367323957129525,0.5131268039973537,0.05014080028969369,2073
0.43442599783847624,0.5138974477070146,0.051676554454509,2074
0.43920008734374866,0.5120290755248382,0.04877083713141306,2075
0.43790624798200556,0.513912289049164,0.04818146296883048,2076
0.4418898286152011,0.5068647481294823,0.051245423255316565,2077
0.44334107031989795,0.5030452549610678,0.05361367471903411,2078
0.44396877764573756,0.5028039679894732,0.05322725436478923,2079
0.4508652834440714,0.5038418629071382,0.045292853648790356,2080
0.45277106011371254,0.4981699547481307,0.04905898513815685,2081
0.4565510535485017,0.49486424706659965,0.048584699384898705,2082
0.46199442721734635,0.4902330315205661,0.047772541262087506,2083
0.46328737264931,0.4893396252643106,0.04737300208637946,2084
0.4646490188334208,0.4860182119434728,0.04933276922310638,2085
0.46326432811591356,0.48805704011785933,0.048678631766227214,2086
0.46705014765228814,0.4861890268287628,0.046760825518949056,2087
0.4696976726286155,0.4867290035385179,0.043573323832866724,2088
0.47145648133087387,0.482170108431251,0.046373410237875085,2089
0.47086098894243067,0.4847721550836091,0.04436685597396025,2090
0.4698968488821582,0.4829122919399358,0.04719085917790594,2091
0.4733395109329695,0.48156016437468496,0.04510032469234567,2092
0.4732805443308909,0.4824431387629291,0.044276316906179974,2093
0.4728362505499168,0.4853230029242708,0.041840746525812454,2094
0.4691009600333084,0.4849099166620347,0.045989123304656924,2095
0.47472450153773427,0.4821333964178422,0.0431421020444236,2096
0.47632878016627184,0.48120049875455434,0.04247072107917383,2097
0.4749184907902058,0.48253890824170176,0.04254260096809234,2098
0.4769906647296806,0.4810217229648803,0.0419876123054392,2099
0.47249091894444656,0.48153210713166583,0.04597697392388761,2100
0.47962596196041407,0.4775368321288729,0.042837205910712946,2101
0.4780506657557324,0.47669947101163684,0.04524986323263082,2102
0.4817473009499995,0.47473335444539205,0.04351934460460841,2103
0.4876037312928606,0.4678105691593632,0.04458569954777615,2104
0.48800731531909103,0.4684423707942304,0.04355031388667857,2105
0.48805844074897514,0.47052173423691107,0.04141982501411383,2106
0.4898783364263775,0.47152053030926333,0.03860113326435918,2107
0.49290780182556654,0.46810771542067225,0.03898448275376106,2108
0.4907091367461578,0.46990010982452723,0.039390753429315056,2109
0.49543321719521377,0.4651649262111264,0.039401856593659745,2110
0.493940392341865,0.46686997776521555,0.03918962989291942,2111
0.49496807553730177,0.4650853795265087,0.039946544936189675,2112
0.4981242582210905,0.46383966227117124,0.03803607950773835,2113
0.4918789352514455,0.46671723717416225,0.04140382757439213,2114
0.49826305763589085,0.46262533511212245,0.03911160725198673,2115
0.49865293041909314,0.46380401552980655,0.037543054051100325,2116
0.49993932410882685,0.46236069753165143,0.037699978359521685,2117
0.49855072895055924,0.46119136814455974,0.04025790290488094,2118
0.5003096854437058,0.46178722627539615,0.037903088280898084,2119
0.5025185275157575,0.458539879534362,0.03894159294988047,2120
0.5024741121219063,0.4591024235181164,0.03842346435997733,2121
0.5065199512983325,0.4538303914497066,0.039649657251960825,2122
0.505766033751185,0.45474109599017126,0.039492870258643724,2123
0.5048997640211911,0.4550266931272419,0.040073542851567064,2124
0.5038056987774076,0.45615599354075687,0.040038307681835535,2125
0.5059550564384906,0.45453085317435254,0.03951409038715679,2126
0.5056600694520734,0.45570344822314424,0.038636482324782305,2127
0.50400634979936,0.45691059225824776,0.039083057942392314,2128
0.506656294708006,0.45620776762513937,0.037135937666854725,2129
0.5062461645915628,0.45640940511475614,0.03734443029368101,2130
0.5062622770861481,0.4551368527740462,0.03860087013980568,2131
0.5064107347041966,0.4544069120313739,0.039182353264429336,2132
0.5084320124525592,0.4530100555221052,0.03855793202533568,2133
0.5091580979120808,0.4523367301452331,0.038505171942686156,2134
0.5083603096668218,0.45213472106678754,0.03950496926639065,2135
0.5093377817475118,0.4508578568915252,0.039804361360963075,2136
0.5100701704849602,0.4504668934097073,0.039462936105332434,2137
0.509555196004071,0.44934271741164855,0.04110208658428044,2138
0.5118616051429611,0.449123828271004,0.03901456658603491,2139
0.5118517955675285,0.4455441506330046,0.04260405379946691,2140
0.5140385167614904,0.4467747434851062,0.03918673975340335,2141
0.5148952550094933,0.44627639148266435,0.03882835350784234,2142
0.5157824189071574,0.44493460322185435,0.03928297787098816,2143
0.5160256355051923,0.44330212904468563,0.040672235450122114,2144
0.5153679967188792,0.4411957568844028,0.04343624639671784,2145
0.5155905853854843,0.4393063491746555,0.04510306543986022,2146
0.5163044828214504,0.437987560325841,0.04570795685270872,2147
0.5153717794252402,0.4358638143852583,0.04876440618950144,2148
0.513980322621673,0.43468702183633084,0.05133265554199605,2149
0.5129063881848175,0.433778766517094,0.053314845298088304,2150
